1.0982444536953433 -3.0090512236321403
-1.3068506091560157 -3.362927947735338
-0.1478974816286754 -6.511669794855683
0.5018683032798203 -3.9583671421948208
0.04089073060954675 -9.634169530545657
2.0807656170678395 -9.906640521259398
-2.0955941773266185 -6.05555978559802
-3.6520538490130012 -2.886899886221186
-0.7786183571738409 -2.3653867761504834
-2.197268295590846 -3.6118152366338254
0.35932675094231503 -4.414708735777638
1.743231183668939 -5.7724123782278465
-5.918216959837949 -0.2956224481155552
-0.6798440112607416 -7.544183694621137
-0.7123908763695261 -6.6827091405890355
-6.587951974141845 2.2628762553668516
0.8810574852233934 -2.3979922863350693
1.3494666612743482 -10.074523281772649
-5.079169908945843 -6.764255474677067
-7.123860189674133 0.21604500302814578
-2.5493061315717687 -2.0966669802892746
1.2864815654563126 -2.7491648648597096
-1.0562289609587912 -9.694161057033474
-1.5518671409058131 -1.7421222660842826
0.536503632877952 -6.643316434753508
-4.320158227432799 -2.1401639211687007
1.4115940691415 -3.0844821711421573
-2.313367395105445 -7.056841483430287
-2.9614309747074548 -1.4257986792429482
-0.10837508575177454 -1.1566630000784832
-2.706843249411492 -5.271134812494942
3.1544825916842845 -6.870647071531067
-0.38566881915079465 -4.215375411017683
3.261150470766707 -10.118252812996074
2.5462810632408543 -3.571681556586668
-2.5706897727175577 -1.0500644132885493
-1.7790717627956671 -2.738429286607778
-1.8500395946059318 -5.628497468346094
-3.2956584124832355 -7.985677311384982
0.32323581107009114 -3.219492823150065
0.23839054439457597 -1.3911153851515852
-13.328444952982451 0.25285721174820885
-1.4150061853168556 -2.2714191759975
-0.16333970223135494 -4.132221623189348
-5.485160733375224 -0.6250625877422108
-1.7049804195536784 -1.720933194962987
3.377024589672941 -9.744567376390696
-2.1030422081444873 -3.8682556327214317
-3.9133674025659677 -2.8026780085093383
-2.571195589570849 -1.0355269470115278
2.091563942274291 -2.0482555540999026
4.217523642592994 -8.1771884247511
-8.66645807563414 1.3558127912895888
0.6738195170417207 -1.5319073701042465
0.816870698251662 -10.682878301469323
-1.1936346431315887 -5.762649961429814
-2.0485878203082426 -4.484215357941658
-1.6426577526171688 -7.388402130659665
-4.325163108058291 -2.933331400781731
-0.5411340348952939 -4.8889643436864665
0.4278175914223109 -0.29360796248429605
-2.694441568417347 -2.14289935576448
-7.40803782486131 -1.2414615983677935
-2.298118588905482 -5.854297717165158
0.7902072227743557 -2.2509978000339395
-3.1689944574626456 -4.23421371031692
0.8762000877364922 -1.7599093701483737
1.2617177624001523 -6.516348540789886
-3.950392379222109 -7.175569509946015
0.5151641257512688 -0.7534180878741449
1.3048664041548501 -5.3743178172091
-1.745617008793929 -3.9229436486907496
-0.012229083104373376 -3.663652648865208
-2.2671899040957872 -2.5249411674457316
2.3420526113149402 -6.119047879672614
-0.043400911577493005 -0.6326723294240386
-3.056877726594451 -2.5504370736707984
-1.3014355480969046 -3.1558764332817533
0.19628986598264878 -2.0987520406824163
1.1728524322247715 -9.078410624654769
-0.8176277282760797 -2.176992520879733
2.395154887681286 -5.12568283337054
-0.7849023245451864 -1.1735696953238934
2.0783113896314513 -1.5279261134833857
-1.540351920416669 -1.9878033424794859
1.405846355263321 -3.7896157291446633
2.0523990806999985 -0.688877023544615
-1.4120502343057812 -6.980600892753433
-2.9130722216841183 -0.9697778435728655
-3.269232485628479 -5.077621711905857
-2.945339205187012 -7.720595154281712
-9.14300747497164 -5.757451167583438
-1.881767148107713 -2.722740851084102
-2.127663656239051 -2.8317236991734176
-0.049936032585393385 -4.418236911329071
1.4464506199356602 -1.273180847333283
-0.41897981900794495 -4.216869809749845
3.2911192421369995 -5.5525732663706835
-1.5310505313799045 -5.936271942633687
-3.1119291815428918 -8.048518705400697
-1.3874766977472892 -6.270347398928497
-1.299896595726921 -4.866393400573042
1.7405047812282384 -4.556208951159429
-2.6813320076097686 -2.0921143194120146
-2.6019122401556984 -4.479346801161376
-0.23273108869224804 -5.592748986722187
2.2361927343528403 -2.7156907653756837
-1.5541210101588239 -6.340637433140506
-1.8547765736265238 -7.5600243261617335
-2.1778565475738394 -2.8035278026976913
-3.2327387534500787 -3.8845132854902107
-0.2890300873836654 -5.59669635402992
-0.37083301847749833 -0.4458674390091016
2.054350444865363 -3.0801900428395212
-3.013136292414828 -6.1656014640884145
-3.293653654260695 -2.0972568579498345
-2.5116778253888445 -5.605211639262767
-2.2986955960604267 -0.43668107614103313
-7.27377258344751 -3.54838714163885
-4.2947100991366085 -3.6636226801912626
2.292715633409173 -8.510688469838009
-0.30782282311746245 -6.25647547837917
-4.000668879470467 -5.401281244139627
-2.37902539542921 -8.329803864378166
-2.1850966793586086 -2.5775659317392097
0.7221183744494789 -3.2129013203466745
-2.602841550334731 -4.780347431254398
-1.0987752953823677 -3.207756377843899
3.5401765130611684 -0.5729350651196335
0.27741208890931485 -4.494145708760902
0.993428761034934 -3.458328972589007
0.8752161658112236 -0.19076898021045494
-0.46387773814336725 -3.8648829443367183
-0.41964391785852256 -6.809233864378644
-0.4326460796306583 -6.3539414932032825
-2.6267774808008544 -6.6239715029376125
-2.239883684103092 -5.971397539659826
-1.1446504859442403 -4.775877005974129
-5.100727682941994 -2.8081783774217626
-4.286943120415984 -1.2697199198722742
-6.885896982605985 -4.8605774719486305
2.6045566220069953 -3.3293034516219917
-0.04083993527891104 -3.302185842563451
-3.5003171977940752 -2.5847973403779454
0.38642213067775727 -0.21144779945691217
-2.5122588795269825 -0.2998654957604103
4.32618413493381 -6.457396771560661
-3.279528515394134 -5.786799329219022
-2.566225677997011 -6.959499616653449
-0.5007098870262043 -0.658216325691221
1.3679478330832633 -6.707222876016855
2.43951807225963 -7.95393192794352
-2.5964974671186387 -3.987398888743594
1.8879542036032286 -5.720769796720266
1.5438158146050678 -4.573854701085014
-4.732646920364999 -3.911376315657949
-0.4763803675000704 -5.698533687370707
-2.263186905569356 -1.4529123869478884
-6.789959547834442 -4.8363296708519306
-8.065744482585998 1.4219824006323452
-4.50706162578561 -2.521081698837616
-2.577005226996207 0.38383908405299144
-3.8442892938021918 -4.006778211960249
-1.5776978430341733 -4.130663673932351
1.232605687437896 -4.723505534427497
-0.2081324149205562 0.3497880005521109
1.7615737493184151 -3.3216666612465686
-1.6735807623557837 0.7030478120341213
-0.22884730702975337 -3.1281200885751446
3.609394314676009 -8.435133927717523
-4.202919342791475 -0.7925641721127307
-1.698098595225503 -1.6647536518347161
-2.9224825820221985 -5.329112996910413
-1.2952936143015708 -3.1183611554397626
-0.5871507180081753 -2.895479980068361
1.8664228859464196 -4.915604891188716
-3.269497652365047 -4.689565033899748
1.8574629418442037 -8.478899397166243
2.048196284507156 -6.859072830330397
-2.6555427972105723 -4.414080693019363
-6.377520285775859 1.5588478277900877
2.6702597581049896 -3.009789252523433
1.3260955628986575 -3.342156688002394
-3.182494182190951 -4.555464106535827
-1.1468944447567826 -0.527898953601048
-2.227763754849108 -4.948375056955185
-5.829329480645725 2.552084579950976
2.7769178092782587 -7.233151084450468
-0.6527818839110329 1.5385755149973923
-3.8600883251564824 -2.121849099620625
1.8480831159877336 -4.268945377947371
-1.0023045265459136 -5.753630654507974
2.1231639204426633 -2.387377518214901
0.09374320173095843 -0.43460737453161175
2.779674003665647 -8.462659801789956
-1.648505939321851 -5.60269453139506
2.2721987371934342 -2.492939357110187
-3.029497636882525 -2.1176739637235644
-3.644987322944701 -8.038985784520413
-2.641122122515313 -4.071811913782521
-0.0648515245504773 -6.179590032568446
-0.177132939292321 -5.650850383612611
-4.349741778115742 -2.1416136218101824
1.5209700106755402 -4.647890375393071
-0.8827024272797107 -6.895085393783166
1.5011888751175342 -6.004684346688508
2.476780959872485 -3.6210999102643626
-0.29465272261040876 -5.415560344537661
-1.1678720688212822 -2.8447175585968747
-5.253054931442222 0.5689658245721801
-2.429536844672939 -1.1906155990465226
-1.1383860198250633 -5.194740108871791
0.36671149167234735 -4.9905578360237355
-2.3267289647126295 -1.4755306861218713
-1.6257610673733187 -5.746325969454976
-2.014922450701548 -2.028393937498719
2.2530719018298977 -3.6268650854744013
1.8376647159392827 -5.754950758955309
-4.3152231995371295 -1.0207250151673346
-1.6726903027990263 -2.0522851864559066
-4.792284720689807 1.7295567561275884
-10.514951902859323 -6.354160791156936
-1.7104544722758992 -2.5871342637481813
-0.10319288511871637 -5.230615402540001
-1.614360611032581 -3.6363355400788175
-3.4705298156172266 -2.92176724882479
-5.600626251691651 -5.143658295269212
1.797712851105984 -7.203773510145942
-3.8804145281989695 -0.5840939088490918
2.1361531150461266 -1.6175633851431144
-0.0495815207273015 -4.794150552678773
-0.4237679951497457 -4.657087951621835
-3.4247683661980806 -1.6798178613414412
-3.4883680038806237 -1.7746585035710205
-1.3479115518251068 -5.1559668806616825
2.7492788432894733 -0.2690509967615272
-1.2964184769046343 -6.90281646567765
1.5002840983484724 -2.881850814209739
-0.0027436984755130705 -2.9821591212567853
-0.3889841971371626 -1.4820228052857467
-5.118415085384228 -8.245664826532145
-1.0527908688739844 -5.984131600294706
-1.0357966005134362 -4.797298186864874
-4.987283106526505 -3.0869609841829355
-4.979890756681357 -2.573730686518651
-3.8623677691997784 -2.7440420925870237
-5.031909289952438 -2.7623392190504865
-3.6248769856168512 -3.739969805712217
-2.537686601991482 -6.56576983429375
1.3733735339798294 -3.241106982495225
-0.268451859671601 -4.218778061381518
-1.9523725864978163 -6.772601699378044
-2.0189656426179288 -4.950540339282739
0.8380988980434405 -8.189371158221205
-1.2281949479415606 -6.679584754860147
-3.451321623296963 -4.944249810030132
-3.0284068311043773 -3.6935031237970537
-3.8360111689890033 -4.815229300871492
-3.6184304216799608 -2.6681542430803704
-4.105191072996547 -0.9099601209885952
-1.8030654728775493 -3.656049498190525
0.923520380858647 -8.982190570461668
-3.2547358413736873 -5.448657665138669
0.2880176367412584 -6.440159618514718
1.2684211451752385 -6.044715619492877
2.163912300590112 -6.10098365398071
-4.420119131616204 -1.1806971342706505
0.42027162240289256 -8.07724726448651
0.11322956054905796 -3.391914131266536
2.2467610392542663 -6.454194030982107
-0.9405818691465703 -6.714689599762117
-0.7735249557700858 -1.9848188813816405
-1.5608110220615008 -0.6337447560215352
2.2444386549551747 -4.965518305323084
-0.8164532477596825 -4.7327997198658815
-4.061332136147996 -1.5975411825032444
-0.18912696321747582 -9.390522754355828
-1.0457549620177393 -4.725967218062081
-3.9770798865568087 -7.577649138691972
1.2911075486101846 -3.868955875882752
-0.8905551411171192 -10.266037714985798
2.035595926752634 -8.958552982068221
-4.292637799238705 -7.555122713813445
-6.397145038691917 -2.785375564529204
-4.602631229788642 -6.686325002878969
-2.4966801660628453 -4.359764200120375
-1.115976439596253 -4.403935995529086
-3.8051822469284815 -0.8168711314355951
-1.5433595367788515 -1.36880280435903
-3.5523638058894 -0.1713888118017149
1.3984967862530475 -4.90384161797299
1.661315379090325 -1.8838856277757736
-2.315821958132944 -8.351479671221258
4.741885621994526 -7.982584447388175
0.35116932098235 -2.0140840684334065
1.2193868617860342 -5.01760068817941
1.0972661183537151 -2.952581780427321
-1.1903544530387085 -5.831099789158781
-3.6109475422119033 -2.8899607957330278
-6.336480938180941 -2.8023520823172996
1.9608391191692356 -1.7450512207476827
-3.5600301591926926 -4.608643904007187
0.9308215519876618 -7.845448944343733
-0.33967074116424123 -6.024309813597085
0.041658862937068934 -5.2132017841074
-1.4904623601949967 -3.2552171227352837
-0.024841711713449715 -2.821153185302969
-1.0039180713974223 -6.034922031403417
-2.415210839524548 -3.947862875225806
-2.1592595550501277 -3.849236169323568
2.208321217690226 -5.447712454498601
-4.341117955762627 -6.700189128408753
-9.365856928704716 -0.46258076719134605
0.2845646828522202 -4.8585451613084185
1.1844005299917053 -2.5991374387372987
-3.3315076829864982 0.848915014867588
-1.198705799179564 -3.0117958139124883
-3.375599088359479 -0.5448112348638406
-5.3329082737825075 0.788442024525941
-1.818229147323422 -3.3595307558249417
-0.4335234953387474 -1.6732239568798033
1.3751650371087858 -10.753308293819362
1.9868883438061282 -3.8424208458600866
0.8524007614418987 -1.9022610162256128
-7.598732897625013 0.788761858542668
-1.2594662288538534 -4.2512975324708036
3.2362557242482515 -5.136790259570344
1.154736482735799 -1.2963346356289038
-0.06712671736862379 -4.402392909875038
-3.1957791151881882 -5.957687838522482
1.3796613001080398 -8.97600270011652
0.9164163002939454 -6.59072401389608
-3.72762429934069 -6.6939787395649715
-1.5751914146182462 -2.693478779555826
-2.571394218250575 -5.911820810870031
-5.739944199646615 -4.6602623088128565
-10.52361751289331 1.9368521083246872
-1.0034418707966923 -5.399636779290375
0.12437442393144196 -8.576316994649002
-0.5675101598097005 -6.318657927792238
-0.40586575062738506 0.7118518823771285
-6.787296540247553 -2.93024631147948
-1.2055144208531348 -3.0298023133656757
-1.3351318921976802 -1.6241518777486912
-0.9720877591288121 -4.429806277066628
-0.20866917502358753 -5.715591807484584
-1.4308828334534813 -7.09914470162693
-1.0602621246586923 -2.3330331200849583
-1.9071961747361006 -7.5785324730276065
1.065024126532435 -5.463981300379321
5.768284220618383 -8.84727171379092
-5.83885117784709 -2.0046296811064113
1.4095833769811743 -6.35165744186866
-0.8454118770959559 -3.1316619088226956
-2.4630973753349967 -1.65357814394593
-3.260784775351397 -3.065580570146884
0.947554804247033 -6.413934934733445
-2.580477789582134 -5.879195350588802
3.9420007020698615 -7.381272642751743
-0.058592589208914206 -4.400962893675719
-0.7837632130662661 -2.2807961779309034
0.1344138322832005 -2.0073830879700427
-5.140085635794364 -1.6688477871286325
1.3151796523622887 -4.202992268825052
-2.0719386018104164 -0.7387697957153739
-2.4121661924425415 -7.3111500801701315
-4.423242154249593 -3.8676396620993296
-1.6789570432713534 -3.380359567859871
-0.06997211268532122 -7.933712488951581
-4.957635078856256 -3.734864119670719
0.47378647070851776 -4.434128060774695
-4.839866066239637 -0.8368424760067968
-1.845103787966082 -4.90393377647226
-1.0289282460735767 -1.1038655869482268
-0.5069671291266649 -5.622052146697521
-0.042570922959215 -6.8900379219902135
-2.672251693063274 -1.7461045606868575
-2.7950564502425697 -0.4072454458201316
0.608222491349522 -4.737138046520007
2.827861248608357 -1.526897202919672
-2.834269570376677 -2.9182221313029797
-0.5647353711601827 -0.14746344154548924
2.4038729139555097 -4.261332589867675
1.4930409758431433 -4.833836149142904
-4.316109406939702 -6.550372428161011
1.1896335046373134 -2.0922262817525836
-0.885308101757673 -4.94933901419398
-10.038821800328876 1.5078792176136364
-3.0935776640372694 -2.6802242958011844
5.712685464896352 -7.154279666555661
-2.4697457794733286 -4.99606316683614
-3.136732012316998 -3.788889271091349
-1.2350085526406789 -1.649646777157505
1.2327598243402487 -7.5451332031781515
0.5413318891527434 -3.1199701275007095
-3.3648773456142895 -0.8977625484538211
2.3071626273996193 -5.842148260001924
-3.1196796069217076 -7.552914382328209
-5.892108651986291 -5.658509191585491
2.1766407448016305 -4.05127392418741
-1.9618111090515673 -6.685255878679477
0.8358381914561758 -6.017859589627434
-5.825205683962039 -8.724592930199934
-3.5563307121062455 -0.7234829260257715
-2.458132463100768 -6.781424146437853
-2.254499186214773 -6.184605582393218
1.3346725234058137 -4.672799547689042
-0.9292688543904719 -5.963247981979148
-1.6511331031363459 -3.7194728763015155
-7.904768318166319 -0.08496866803626717
-3.6024273787038514 -7.116326482071869
-0.5201580596967266 -7.317788563817514
0.3730639685546458 -5.310490033729282
1.494361174986039 -7.148837370203822
2.4572281732648937 -7.408367839571701
0.37846924263719395 -8.472912103437489
-2.4605680750813126 -5.718643417346905
-1.6594541977656836 -3.7088714028458916
-4.00598675114415 -6.418937455167481
-1.489831931392502 -6.348927930899304
0.800617167030296 -4.954985588213926
-2.0746381458760377 -6.91403215453357
0.5916638912957379 -5.050465812780601
0.5839452783433924 -0.8962931824867627
-1.3308811790775228 -4.8772779356167835
0.8095807963393181 -3.6046271541097084
-3.4079235740769183 -4.978992603805642
-0.15736586229840616 -8.664968279075147
0.5547880142185015 -4.360771507027111
0.7073177805363565 -0.7150052132412822
0.9917900266227656 -5.8196056753209
-1.9540011022804866 -0.22470609449916495
-2.5426392950116257 -2.7229291486431704
-3.8791584491981586 0.6922552175212955
1.6495788392987403 -1.5165670085420677
0.20732362779087005 -6.234091477196906
-2.6883218562296785 -6.316986716794944
-3.9391984928656005 -3.840363020362846
-0.6624800307832718 -5.112824445109177
0.049132568339174384 -5.3497153705916665
0.6276908584794821 -2.0275652847712022
-6.314791553821294 -0.26037527223915513
-2.2563932439840646 -2.290919650185855
-0.9845519151809728 -2.369861637744837
1.0886631610525082 -2.703333857651727
-1.530071927740892 -1.5462177675743909
-0.852841703601101 -4.977777996876157
-3.5550235484791277 -3.003011473610327
-3.9977088223128594 -1.3241736252836809
1.4551893163243927 -3.1365033085481686
0.6174682592536979 -6.6456885556481415
-0.15616958791396524 -1.3863664550339372
2.371787972164099 -4.980295049150608
-3.179103706719019 -5.751028106623252
-3.7839039124527436 -1.8804298238691177
-0.130046864216013 -2.3118160469492537
-2.250179111369363 -1.394042738787634
1.7875236826388057 -3.043887586294137
-2.3060486648169705 -8.556707422947238
1.8321217136829797 -3.3149595086377346
0.2501678885007547 -3.4840079937901303
-2.838322585313677 -4.3214669560782575
1.7235370900010731 -3.8583865201600918
-1.1941079183053067 -1.1766264725773552
-0.18439061298634865 -4.159265544944929
-1.8368563742452297 -1.9858100901409015
-2.256079196218494 -7.168057965542795
-2.2164602535710154 -3.1815911059968944
-3.7734668875532975 -4.915183317819249
-1.4039853141998155 -3.453607719403831
-1.489862552666907 -8.680842593570176
-6.209917144074581 -6.865350734277606
-0.4312850934322516 -1.370784485123457
2.0528122683458743 -3.621649857120195
-2.3136874081188674 -4.002533938648318
1.0003402230349816 -6.8234607610004625
-0.9221426896495049 -3.8542125439409283
-0.015607051587082678 -3.75043260139433
0.1190985926644709 -3.2383846282454622
0.5775277418589434 -6.34481792069695
-1.5826241335119424 -4.234578827153189
-0.21698778440180913 -2.04765922170053
-4.0024098376711805 -5.811538569575151
-5.002821331117943 -8.71730851084123
0.7439964530569081 -1.3930214096549205
-0.038419655567154286 -6.418984095061618
1.2221676938395514 -1.420751708619748
0.8433037068549389 -4.285025469884591
-0.28938174151525753 -1.219206568531872
0.8544150480407489 -5.997768692939111
-1.4586182029976278 -5.913643560050964
-1.5205979237506857 -8.2075541352495
-1.4079545993990057 -1.7224568281284836
0.8885176671942356 -3.009980339666261
-5.464168498587426 1.6041189564694875
-2.4083293070873286 -5.0399849472556495
-1.7802372960335906 1.735715342723124
-3.192789498713808 0.4247970234367811
-2.596692531112041 -3.375865788150956
0.13840647170405815 -3.6047360624837763
-2.1519501363194 -1.6805342207726548
-1.4538638074785697 -1.528008658737252
0.8900546288348604 -6.123818024205215
1.3860319252696622 -3.504856029190287
-1.7431545602821648 -7.016426598104578
-5.4656609772809475 -4.968866143151294
-5.09018404416571 1.387284301197344
1.043279970875957 -1.01960820456059
-0.4897041823941213 -3.394241969799151
2.883101219175912 -8.700394135167356
0.22919672160705273 -1.4878947496753734
0.7627480768910426 -4.1694619411977065
-1.8536800795665305 -6.231076322726286
-4.666778877870911 -6.117198118053316
-5.295928202380992 -4.760760102487527
-0.8522082290287475 -2.1669424161285424
0.7836155753438017 -5.358591339235871
-0.9609311281426474 -5.8855644368840645
-4.698828727406109 1.3145158525177767
1.0534308488843318 -3.5942084372913103
0.11855676015849746 -3.455882071656627
-0.8393598692943842 -4.157869864104265
1.7967302052177696 -5.182171037826073
-2.7568736207203988 0.19672478768848536
-0.6806303601240988 -2.5285667533881755
0.7889884872689518 -3.5721609320926326
-2.6321040463219565 -2.86969548746943
-1.7959441851615883 -1.0487070251822996
2.0550644665515843 -7.177208658941164
1.0075831257268102 -4.385942193149772
1.5651861408088188 0.645810932975094
-2.3872614027506818 -2.937436696975176
-3.549706120654847 0.8301626115613286
-1.8183006440661704 -0.5101900464889639
-0.07895551870794319 -3.4733378013809895
-9.458240602747011 -1.0149576920442664
-1.8058375983045356 -3.822067241415844
-1.132471422286216 -7.927149076280574
-2.1042162561410866 -4.7077892314090946
-4.281717513926239 -6.394999791804045
0.2095843520102531 -1.696744540549976
-1.3075866891529704 -6.3482290318264205
-4.231223647394685 1.5938150776974296
0.0020255996951016823 -6.8858214041976895
-1.4763149880501063 -3.8969370924938143
1.0935334676940438 -2.3735549615235034
-0.523259051099942 -4.712065719131291
4.831805703839024 -7.143662454460856
2.1956807452827714 -5.530851077738958
1.4556288255338636 -5.866837553025118
-1.7477714297129274 -6.878677537721484
0.7730359991065108 -4.640205194105435
-0.7387444896273938 0.29128946167430086
0.8844004490420471 -4.569929398444435
1.8875787185965855 -5.063890575915307
0.9350733779687344 -2.401799106832248
-4.866460987198437 1.4433288949720706
-1.9900469213584988 -0.43906496151338514
-2.0714860869741476 -4.320960421666327
-2.026345368184565 -6.581966417402839
-1.0992886656424479 -1.1889766193299247
-1.9294697883118634 -5.373337999443861
-1.3908808038802651 -2.9251052682801997
0.7521331951085977 -6.452537553824486
-1.0904113871887804 -3.77736352595814
0.1286457671341307 -3.7719212301987004
-2.0532035086979623 -1.812045627765426
-2.845332892489324 -5.392326722712107
-4.838640755474785 -5.0916689472658385
-1.382290739339695 -4.3059447250257055
-2.6314117174468383 -2.437723601346468
-0.41138095718550033 -4.417522515468748
-2.1183423622783555 -1.3970519659651628
3.7945078461358994 -6.905175080701207
-1.6504340590106499 -5.42664020196973
-6.436431330900646 -0.5202134222527985
0.7029221249688217 -1.2256843143830474
0.38276503645208454 -3.4430186022424447
1.7970901928343743 -5.299201777717415
-1.956114288155661 -3.8543614559049444
-1.1820268317776912 0.3425780428102193
-10.603215944852792 -6.433407353324832
1.4195595482355965 -4.421487689653386
-0.8453930221729993 -3.0659434696842878
-2.426591314227608 -3.924263789585398
-1.0600332354346738 -2.712361040684221
-0.2676936393299773 -3.4630289004312758
-3.016003971040945 -2.1772888581521457
-4.5476049069161775 -7.27687109987603
-14.541815243454423 -0.6436750527807638
0.4365943282795963 -6.216402559009577
1.717357016284296 -7.509136358110726
-9.63830063809111 -5.458029531945532
-3.1059155380024213 -8.406755449059458
-0.6991499844026665 -3.0605728964599264
1.087583876199019 -3.932375355167762
1.5664180027883527 -7.640077641341181
-2.287660347324292 -7.285024984226463
-4.609534704139037 -1.8722891725594546
-1.594395566188553 -4.374252527372552
-3.2167059263787796 0.5265097414181532
-9.556347834095632 2.308679552372098
0.4925873864376622 -4.290374143225419
-1.1257386761052008 -4.3044889637852615
2.188740768943389 -3.3835703745363563
1.9577458726143386 -6.47576347826294
0.5582265495736176 -2.9730853737390706
0.849796493747959 -0.6634432944034675
0.8373957424794435 -2.6131830048154976
1.4615775695077242 -4.911669425125061
-1.4010518124436409 -6.9101160494809
-3.3233788374466973 -3.7590895072547323
0.07738635339472887 -4.826693504495912
0.23263202939817457 -3.0967070903882252
-7.288572577634142 -0.9369880900506999
0.7219508323448448 -5.758139819321872
4.535908552744786 -5.586653403450271
-2.7666827666887746 -5.01314705222979
-0.02908464813876353 -3.7095964969227175
-2.385294831345406 1.5025972342244305
-2.678348643417636 -2.3544854251209157
0.08056666476542743 -2.4230909432338605
-3.3864870514825753 -3.4343141563977717
2.020968481504695 -0.5939963672954182
-3.426627723147377 -2.3441080921392734
-0.8833904990019763 -5.243950023485119
-2.8399665767633167 -4.317225277717097
-1.6465868844903613 -2.632901837138937
-7.346483078606511 0.12713703214184527
-0.5395605436948474 -5.813960140127642
3.1835499864207994 -12.170480454062371
-3.0893377098575177 -1.54746257306933
-1.6061313291828445 -7.129394619327409
-6.794397093232249 -4.005362640354764
-4.064647500534576 -0.8766380365104585
0.09500724954848681 -7.161280794368835
2.0951595503291425 -2.7715909063359274
0.583307531751856 -4.51669528039239
0.6526968804348023 -4.589612748272941
2.12057084592844 -0.8001296587645067
0.6125536521040115 -9.209623161293607
2.0616533289743577 -5.34679487444624
-0.8794317434936835 -2.198932584696177
1.5917724040370866 -3.5825740768275973
-2.091367755868476 -4.979319057798552
0.7983931251498572 -2.833389895378983
-2.9488337741909594 -0.23199639764381133
-2.710298487119886 -2.6050342700221956
0.6841597503619706 -3.631130506306225
-3.919386831233482 -1.4747979578419372
-5.694028822098559 1.629796535755089
-3.2963374597656387 -1.2206035525235623
3.879246610928546 -6.986304683646279
-0.7717289213768769 -6.885084749857189
-6.737933628292211 -4.548627315615438
1.7970837790972776 -4.34266926085226
-2.4569790327752945 -1.1542277691025677
-0.5607104174174398 -2.7474212793779134
1.174531549407845 -3.612919375385277
-0.874436119177688 -0.8525046055633448
0.3207109910299404 -8.003161571377797
1.3130111584516295 -1.8136925633505334
0.3826259556802961 -2.363325993014942
-2.948753826313308 0.786477970340149
-0.3946807315369088 -4.302837619343924
-6.456845316980861 -1.7235896319460073
-2.1365888185176236 -5.476634347068783
-2.723823513818488 -1.3436213912432924
-1.3260331611188865 -3.1438490435328754
3.1729791822847764 -6.478944290975711
1.6234250709832447 -6.418543541707681
-0.5007896630981751 -5.083527459302029
-4.958033859885788 -2.8672558405695807
2.8303332076937826 -8.618941303037017
0.08280418425245249 -4.930785047409938
-2.2220516964512744 -2.390954375028128
-1.2323712421213746 -2.3544169191150615
-1.9385199765977608 -7.864408431379869
-2.2799684539247385 -1.099223182144516
-2.9885167041125844 -5.018352759903588
-3.3372314168147317 -5.33368031950792
-2.8656395430601695 0.04397858177571352
-4.601341904647768 -6.442273770685574
1.2342362293456113 -5.634437809583895
-0.1971104868267879 -5.14348623124521
0.9071355355345783 -1.2934758827040114
1.1820891024694329 -5.004358238846294
0.11831422731135824 -6.626962332569644
2.9113796060311747 -5.064904984048269
-1.9351503050071133 -1.854267486760184
-2.8405468062526613 -3.1711889537996067
-3.8585009306792846 -3.6563137308039466
0.8614438905549939 -5.9425133929244796
-5.016491613851301 -8.354600439778643
0.9335057150554741 -4.793527314102452
-3.1931653217469465 -2.466529178782745
-2.9157873007452517 -5.474226367101384
-2.7836957457551965 -3.354238174881316
-1.1992672237486206 -3.0578164780786907
-5.546134126676691 -5.278147824987534
2.648827983630766 -5.736813433802569
-2.4646550544033947 -5.142212357814114
1.1519604410210742 -1.3094298818964514
-2.637797184039656 -5.499914481345192
-2.7703111225232258 -6.7172966658677815
-3.9868328971301854 -6.900833850246199
0.3991289674214611 -3.7561167980493724
-3.4969480324882203 -6.322950533187146
1.9848330191312293 1.6094236771984365
-1.710250805277966 -0.4285659066367256
0.3501880596381706 -3.865694012701015
0.4695798465057659 -2.088159797642907
0.9137177958340598 -2.0492936015051604
-2.980814845940913 -7.358583629699113
-2.3986518555130094 -2.6933688495411547
1.6858892634612626 -6.602648512867787
0.2558130654062435 -6.284805829649447
-3.4165149740630203 -6.566661476486766
-4.562248244699404 -2.3379791090389053
-6.239252156230876 1.7665135132002898
0.21942825037159194 -5.947891467686733
-1.4005578543674209 -1.4313480569101085
-2.722872816942598 -2.671062582577919
-1.4385399255534144 -7.134066904262953
-2.0458481478922015 -3.661067598211302
-0.6085133412891827 0.6232437026972172
-1.5321531338265832 -5.381062999630438
-4.8727222457038835 -5.945723846318893
0.6224569350283955 -3.170796212267105
-0.014977953279413193 -5.490593597567487
-6.238551209722928 -0.41073194175446076
6.106033577802719 -9.047245116330588
-2.125031045695267 -7.410225327471596
3.3780039738768997 -10.859766091675485
-5.212767023445849 -6.784382435150359
-1.83771312794255 -3.3476028407463567
-2.0549102270645965 -3.6374740704884863
-0.8944072117404861 -2.539971863865723
-3.692594774346234 -6.2383907787850115
-3.5018771016623735 -4.5930712587649
-3.6693696419120987 -1.9531398137389764
-4.995822622142029 -6.182934742232727
-4.119868572253424 -2.1535735997476846
-3.615581172798685 -7.338507694962002
0.3488870292756158 -4.2942976739118395
0.5193882330481039 -4.685153948263897
0.45656791643723654 -5.19015064141211
0.003856837567553227 -1.2635134465216213
-7.011470978444109 0.238903318576381
0.4266023322277018 -5.652427723322786
-7.552070177050382 -4.094596283383739
-3.874697001908331 -5.400891717914445
0.29010105839157 0.36665834426229
-3.374664293170668 -2.157650972151675
0.7805858274210347 -5.41246813455494
1.0834500087426728 -4.4240313300252065
2.5525853813448545 -3.792500678304112
-2.6666018266769815 0.5760462166405441
-2.8085822802239453 -7.6831341094775025
-0.22901989799349604 -1.2934377527347067
-2.7863316701352976 -1.4620613155663205
0.46101651556364204 -2.479682365541763
-1.9319784831477311 -3.0513885872944604
-0.1942584994676227 -2.7364501619344925
2.116935113507537 -0.3578250887293604
-3.795238394253872 -3.072338619385086
-2.23213181940983 -5.179668931303676
0.6288350657612934 -3.0423200268286688
-1.9286096401493895 -5.671315279573819
-4.278541606927519 -0.4278816229906369
-3.5591503015392907 -4.6356216090030165
2.6612529447547355 -4.885694263633884
3.6224787046705975 -4.191849797435408
-4.0870145264353255 1.1719236803954696
-0.5065160513062356 -2.900927820855754
-4.9965194176646435 -0.37783739833066377
3.6118211215097196 -6.369470003323382
1.763522417858723 -10.273076864092612
3.1911668237345614 -4.974758714640272
0.9742117407274403 -7.180758577815909
4.074722240343235 -7.231152934569275
0.22936257213325434 -2.9496603905286616
-1.0921984918166177 -4.222344923844522
-2.3472007120250855 -1.803189640930298
1.697104478894942 -3.7023848379240807
-3.9103014041987767 -8.894607017530273
-2.441034431946307 -0.9667949308468545
0.4375509855751994 -3.7299451688111898
-0.7405157536304192 -1.7741546169049802
-1.9179420669192955 -0.5708188509632844
1.4753212137890297 -2.7369275024076027
-1.952387383118634 -5.187421101923273
-2.425784032734399 -4.915967469231404
-1.667469848307221 -1.7378593058880962
-2.0060192986672694 -0.20098913474006092
-4.038157054093702 -0.19522995422559242
2.1724847689253006 -7.32802006505358
2.9946610415319124 -5.905012409838997
-3.3885479220732013 -4.323142733162799
-0.8431328758220363 -3.208175971946528
-4.007280653874886 -2.5543912408073424
-2.404081196555538 -4.39423144228554
0.926795212867773 -3.173861690363328
2.8950704252448523 -4.557886452969425
-0.9072834818848323 -1.8936975968610825
-1.8380254162515404 -0.9651975320506676
-1.8118336706933609 -1.6146976212582578
-0.12436600466612954 -0.509104517829521
-6.943603444245369 -1.8152932878810062
-2.5718772716221 -7.772408980360813
1.9851477643975237 0.3642038441971902
-2.752875527621143 -4.895207122013988
-1.6854677216677634 -6.5082770031745945
1.0777373939010597 -0.5624662993401605
-0.7177531484856422 -5.079026199656506
1.7117462411207065 -6.284531799146629
-2.114578505853601 -1.3566050685153632
0.9893990531679858 -5.155721544360786
-9.527745569922516 -5.479124581156772
-4.152153041916392 -0.967541960859062
-3.7678198391510738 -2.952424695987779
-1.4784182071050227 -5.774670749219436
-5.5949738556613084 -1.7812782025061207
-3.368103347408877 -2.8855181127675156
-1.6773804346836703 1.3002324030232582
-0.24823741891209788 -3.848225118672443
2.920746617315131 -2.1029614050230103
-0.9590359526452237 -7.971843306010181
0.38678559772443954 -8.100163958755347
-3.505211253887794 -4.326674185526306
-7.241341743029025 -1.7404233239986946
2.2419300540281872 -6.972490831323661
-4.77901994097428 -5.459502309083929
1.0844412039681253 0.0036905565206895616
-2.078437189631175 -5.587550632134218
-1.2827510641031243 -3.703474458033052
-1.9631177743057866 0.26623954857328525
0.4464158537960255 -0.4620405417444705
-0.5342938646215462 -3.1449268600319034
0.6846981206010266 -7.604563412112294
-0.2405008675640947 -8.693793850858293
1.9547234486321368 -6.740380202544111
3.4017071737651032 -6.03536021774455
-2.965857855290452 -2.700404681941727
-2.700152368772621 -4.552538755707873
0.20266867852748693 -5.6389936352109125
0.9186192690933263 0.3477634061859409
-1.2714320447333312 -3.054330304690669
-0.2869819630735155 -7.511265956401921
-2.5254990808409734 -9.293956276448807
1.0603469705365989 -6.804012619643826
-5.49805617993114 -0.0726408995612076
2.816286473096965 -11.008875719683394
2.3111668139126484 -8.075562307937416
-0.8896707805181453 -3.1858264804244607
-1.554194747555457 -4.702986943400395
-3.5347607238769143 -3.584318894420322
-8.37690492326891 -7.194940706427567
-0.4616362314049243 -5.7419799512458995
-1.9903354219721199 -5.373207493103567
-6.335861508317095 -5.33550185458586
0.07998994663439815 -4.546383910065453
2.1579451002615846 -9.886826915734165
-1.6149374569476156 -0.5605467781770528
-9.56418833733784 -1.5050785802754798
3.7724930068137175 -5.287555609201864
2.5670545077076805 -7.33963249882862
-2.6843434562291297 -0.6332140970179759
-2.200952365591022 -2.9253530898308022
-4.753368366952046 -3.1136944416502033
1.554331114178367 -4.13781675905976
-2.9048582264721152 -4.8985299561913145
1.4675462139628475 -2.870069537662629
1.2322766974630774 -2.721682760128108
0.8523176173547281 -4.475620545711267
0.26241334006195355 -3.0222426157948683
-0.31205430534340955 -5.505759507308539
-0.7673429240817462 -6.85388953889935
-0.390288743437481 -6.082529922123188
-2.852799848792373 -5.065667853257241
-2.5565184747566723 -6.372269849372526
1.1964645826978564 -4.6562172965787365
-2.7068782532175684 -3.747330253705921
-1.5704716611022325 -8.466684830875483
-0.013990728859866733 -1.9665433372706072
-3.070463135951926 -4.024493886473446
-9.045835254056541 -5.512582987315576
-5.831147031379643 1.7311900657410344
-3.63232829711356 0.22193007539452123
-3.737590684483636 -5.9849014224623405
-1.2176339110236827 -3.0832347848788713
-3.1657585869222378 -0.6275027851003934
-1.9248874858348446 -2.726840625964919
-1.5142044663995908 -1.4938000663239634
-1.8314358855491124 -3.3883841513959254
-1.8322011885736207 -5.888364785235522
-5.074614649371853 -3.260528834123473
-1.800067781154255 -1.4865089971708563
2.888800285475681 -4.991071215779863
-2.7787145114501617 -2.4847230145452994
-0.5313033061007252 -9.05442705292555
1.089637837596427 -5.362845073107319
1.1051872945930934 -3.692364697094241
-9.889597031614613 1.390441259751519
-3.7446577360444735 -4.794039431125848
-1.2450122252793823 -2.9340939413656195
-0.945923940225399 -4.266708216977731
-1.3712397282379247 -3.899112967374191
1.2606062842177717 -2.9465247115901567
2.0587180602671533 -7.263967983555892
0.15897711995017913 -5.733132100327422
-1.9145564128848351 -3.54628348463648
-1.0646240969247462 -6.205814043685744
2.2564040342647607 -8.878301352349116
1.9490275163605157 -3.8131847062745585
-2.084389295319497 -4.021085351691268
-2.3976349020635586 -4.212270555236434
-3.363477527743783 -4.719815046208569
0.1033161091133078 -4.840402188889426
-3.224975452743792 0.7920158928960768
-4.478253466501755 -7.516071739088258
-2.731512077026807 -1.9016445323914153
-2.60153648946114 -6.681396284903251
-2.6934379572320784 -1.8435009420886077
1.9321572753003973 -5.567804320403555
-2.259507839056582 -4.7591800443471906
-2.39536017524776 -1.8929696040712776
-1.2434690863187685 -0.8010419113718326
0.6484157416117992 -3.085988705224322
-1.6939337106460646 -7.7883692736536725
1.0297218047164018 -4.2209413949101755
4.36087954862964 -6.722079764791654
0.09481077569263581 -3.267595137444309
-2.9461441430633646 -1.5990108770310167
-3.067458419399913 -3.14338623780283
1.060542764690822 -1.3470848564906184
-1.549132972973752 -0.9760522178623502
2.7260523079544323 -3.878058831635776
0.16231059942663195 -4.535722682550214
-2.3960033611540728 -2.1781492332542873
0.2757960141899356 -0.7812517830163789
-2.035159567240527 -5.402966291448567
0.9069348013461956 -3.5594843401887215
-0.3747553117019325 -1.1120408722791533
-3.5215663835970052 -3.1972542772137835
-2.3315542238577653 -4.325915495074805
-2.360729283743965 1.7445233760647176
-4.360286318359371 -3.6269386759028155
1.1202785431425748 -5.475222525272332
-2.456383838229201 -5.565040000897692
1.8449880536941659 -6.341270478340298
1.055432753343424 -2.939791650419468
0.7405451532971479 -5.0223832047079
-2.7068280300355103 -0.684313953727476
2.074589899903514 -12.79677198034259
-0.8550348621891717 -5.850973002366204
2.3542057416179456 -2.5781437382102377
-3.729212368874343 -4.206057740482228
1.8834817687434362 -6.082370578729488
-4.064010928374259 -2.1767290002494426
-1.6451018709897485 -2.190640301099643
-0.3194794910345992 -5.097130464074088
-2.2055155278746104 -3.6533178883146467
-3.563003887139246 -2.3401724283210155
0.7159810317230035 -6.787033788946244
-1.4557926354363677 -2.999304665332901
2.6124308087141084 -5.958759232277462
0.8266162169121708 0.9535078475941924
1.7806144693697372 -0.2653641983429557
-2.548944550101226 -1.6803861869752261
1.132644947688291 -4.3687068648285425
-2.971816392422597 -3.968697513137419
-1.2882543461358726 -6.65927756111161
-1.3987551102552094 -1.2218452898213763
0.8965013739796882 -3.2806057888812883
0.7973836473258582 -4.371580205286668
-2.940449084343641 -1.7377461821375648
1.02611130233933 -5.592784707015884
-1.6991395165444207 -2.369903562579799
2.529761964567015 -4.086573452016905
-7.630102937484992 0.9383882232402885
2.3343915922957725 -4.690089897480108
1.14706886541073 -3.2452463877504423
-0.7242787941681288 -4.049684867403977
-0.6795276303161876 -0.2983030021086536
-2.878816657332792 -4.420754297411697
0.5741183438630199 -5.037905583736138
1.236137896793124 -1.2086722696437446
-0.7811872749474567 -8.3266603827587
-1.0228383937338354 -4.5058463557375905
-1.7587850222557795 -2.8042477502427934
2.4229732139922215 -7.715023517998079
-4.77747597403598 -1.7223599488832642
1.9165406585486404 -5.4559235498085545
-0.15064564545495834 -6.230714723280291
-1.5440393102323786 -3.008317624179839
1.4354083528509558 -5.242431504952996
-1.0051665001835492 -6.388118835519728
-5.106722345002964 -3.638003256338049
-2.3035758972156235 -3.694751461227267
0.5764272482125101 -5.167263950729482
2.7727706086686643 0.02998714807816018
0.2009191376153435 -6.229537241796875
-3.296907072904518 -4.912495563223114
-1.585377564644816 -6.358764732086092
-1.7712637113280612 -0.953291373613895
-2.3608941265482604 -4.034567273621751
-3.8956006727328547 -2.9326650297619903
-1.5129110262499386 -2.436677540941412
-0.6870667420049019 -2.4410691690812616
-4.4519163414378085 -9.554149594277257
2.072959878063343 -6.204282680427471
-0.6851322733094498 -5.685377409535676
-0.8462361771481715 -5.823262469398686
-0.6775886099781164 -5.034016120166627
-2.75353111879538 -5.817990922005935
0.3512552956905916 -8.416609438745043
0.7473631510635099 -4.9813704269656585
-2.07917931046174 0.4913555881096152
0.5749486553554701 -2.978909820170136
-1.5847246612867711 -3.618320030885986
0.4254009706645826 -3.2950813153690097
-3.0073218658532714 -6.87876948668489
1.4714295230273815 -5.729072736476642
-1.9645523096443047 -5.034021553632332
0.6883591793478554 -6.644523950126859
0.3289562886479442 -3.01714157968606
-10.921095705127101 -0.03189878527572822
-2.9314975982579345 -5.4658378652026105
-0.3097202753359203 -0.5474208676183976
0.3096143002245947 -2.783892757653071
0.9345552925275198 -4.597836933015888
0.9291387753247585 -7.111853222124453
-4.878126926756806 -5.351782791222515
-1.3937176554126158 -4.767763036946644
-1.1500686049288196 -4.8377455869380235
-3.2232141974706114 -2.610403705270424
-1.9503643808889 -3.5002474237635486
0.2908499710763263 -2.4767595824748985
-2.4651188487965077 -3.8005146172011153
0.29672621943356564 -5.154752118936859
-2.585135276726533 -6.179523622586099
-2.121552751491493 -3.9784271863875733
-4.1809093523017395 1.5252219057416383
0.759273723504719 -0.7093728264082703
1.3780095106472738 -0.9860832929056765
1.2283826631591803 -4.950444544698105
-5.306403723489325 -3.200000069297866
0.1626323033292601 -7.864828460036853
3.2700259458558056 -8.54411421896894
0.4327562755932628 -1.5150500053239049
1.5692234305273582 -1.789161631445688
-3.1181199512708564 -3.3376363006696668
-2.061709933121478 -5.913573374076881
-0.4532741104785605 -10.895866335533219
-2.685893924150293 -7.362169059156386
0.268643287306261 -6.261681868449945
-3.080054370091276 -1.4507466628725507
0.5901598730737725 -3.18696179952338
-1.3750893555890402 -2.6483535858808915
-4.872378831972654 -4.73945249956414
-4.599591624300444 1.1253530183928915
-2.8224963982932256 -3.3891595387728684
-1.6665788524949794 -4.9549847729360215
0.9524570836134808 -6.7411849231634156
-3.301694448117218 0.9393796414508444
-0.1884812683385781 -8.131634915292308
1.7292349367252906 -7.569107043595497
-0.19314427298587647 -3.6365850107617153
-8.028107267216797 1.6609532624875565
0.3626152044322732 -5.732771411609206
1.2956152036896067 -6.38276615430318
-3.9853149028274832 -3.356573652171601
0.9234065309993291 -3.698264982142069
3.984246003337702 -5.444783940950517
1.2230017104215698 -9.75057121986545
-2.1635907322554577 -3.3016043928360346
-1.7452085028697302 -6.032230952367229
-1.784630400502238 -1.042210903644555
-0.2547742808616113 -6.9519618967633185
-1.0327782222070288 -4.70874981512435
2.7615728655377003 -5.193127031507126
-4.134730732951994 0.5638965393071009
1.763923445663465 -4.222499461731617
0.7132482031266956 -4.134904919192446
-3.733343135642983 -1.0600856740448095
1.1654068490720841 -5.181913771048949
-0.02247889077543206 -5.393750525395825
0.7174340946321104 -2.4481102543755333
-4.149474819536522 -4.867465891662066
1.3374729314001992 -5.418689369087014
-5.125497694129052 -2.5360826572107658
-1.4376552558754558 -0.8410141903237018
1.3498385709596188 -5.124687474925713
-4.508293519947401 -2.629094360725291
-1.8303993719381713 -5.312671193692438
2.103878618026314 -1.8538688304145268
0.04980649359966059 -1.6472558993174138
-1.3007862893772288 -0.7528612521649901
0.6089162050884191 -0.8179663954777164
-2.6809713410269476 -7.398143424978356
3.4990592783703667 -11.727184501119616
-1.2803516099797323 -4.122142163594649
1.9478484674717715 -5.622813398586632
-1.1836379050116226 -6.87693795527077
-1.6119436322199339 0.06192561425453129
-5.306177348129978 -1.1731999109768203
0.9492985060237794 -1.0542038792451287
-2.7909127100666926 -4.493311203636089
-1.580052534006157 -1.4120864612896635
-0.9827677810321093 -2.9006965692931415
-4.524417975716219 -5.586294544870278
1.2854917083533617 -7.438777611016729
1.6400309075717125 -0.8576022190756671
-1.3894095102742061 -4.635410688600139
0.9742472993057443 -5.509935700089263
-1.5781168971038402 -8.27168877596608
-1.4556812665880021 -4.013143079138785
2.164010973116262 -1.1221492056827425
-2.5328784404070466 -5.524558762034576
0.4631039343081648 -6.527318452265743
-2.230173280862488 -2.3834027132434867
-1.50029479537038 -2.6858441653490313
1.6138734490667297 -7.022957253516421
1.5836519232870354 -9.46721919018033
-6.2561199355375265 -1.5944919711865504
0.26634824657813255 -6.200967043744408
-0.40528913820557516 -0.6141176871888405
-3.04809827866491 -2.9446176247008014
-1.7443010708450974 -2.0707995256068203
-2.327009784419673 -1.4034657639021835
2.2481303840074096 -0.4129578203123338
-1.8685914331228877 -7.014724254120185
1.909138069866159 -3.594092882670601
-6.065047746334415 -7.332082059569268
-1.9482713870377781 -0.8529987774936828
-2.6066833839539645 -3.091275888261741
-3.1524275881267134 -0.870267191579482
-2.0320825572923558 -5.6192921003455085
-1.0334971757597204 -5.58779234459668
-2.6020602265788146 -5.268660737895784
-1.6970993553311193 -3.2849899704152157
-2.0696670941191404 -7.3769030601685746
-1.964273018316462 -1.063304366142751
1.5634937822621846 -0.8962645185055411
1.8502551730854715 -0.5150722875012974
-2.5552273467006477 -4.535626137115836
-7.829835652271896 -7.970809308874418
-2.343305065481957 -4.335904524518873
-0.5750492177369754 -5.862410515774055
-2.4833784967785855 -6.245452872303134
-1.7261857195211976 -1.662501654263733
-1.0436148112571293 -6.587489439429506
-3.9132025736119265 -0.9554584609234255
1.6439058228297079 -4.750763974721047
0.19361440092070792 0.9207512712836824
2.1300006467175474 -1.4829048073511557
1.1994929277783366 -2.5990800125992504
2.2768919768392375 -5.246931615745113
-2.9044593841014295 -4.192014002466324
-3.4958216014313455 -4.627374977069136
2.177453451407643 -2.341308636382764
-2.146420256167389 -4.700024536791839
-3.680917920554791 -2.3954571873084562
0.734784641311506 -1.9686248850864116
-2.551077642619845 -2.8153334100703526
2.5565804640610557 -7.265767199385211
-2.500880957784432 -3.0857113135055028
-0.892454640204918 -7.926185714900528
-4.17827954584736 -4.898802343386793
-4.893754112700307 -5.931284895782528
0.08766306368991578 -7.149384077643974
-1.0512125307222537 -2.635584040431798
-2.487396751488888 -2.8663527650921043
-4.577424325775667 -2.615933562212404
1.6933802527017285 0.13254612534100257
-3.223154175671525 -1.2695282614091636
-3.437699695483673 -3.704931808256537
-2.1260317707998273 -2.3956467328017528
2.0802677841107586 -8.328192686825558
-3.568741703295672 -5.026204793297271
-3.8962073876529364 -2.2402721652476467
1.6476077242604386 -3.1681322382021255
-2.596884432028532 -6.752820065806264
-0.2619613665828386 -6.57707970078478
-1.5848397494231254 0.03183853125348488
2.0943205852859275 -4.032778711025427
-3.2118570063364023 -2.0214035649027036
-3.1892962995509895 -4.501429391474546
-1.5998485502475153 -2.2881196816488556
-1.6330458792381681 -2.1579614067107666
-4.145739560753356 -2.5434620629881315
-0.17729702688205923 -5.268189673049463
0.2707283585348245 -11.031613209062352
-3.139496274711093 -5.091610020801955
2.3606587497830978 -3.9656201999197886
-5.225647710730627 -0.568179120076562
-2.9201140875940585 -2.6885250715351092
-0.30055818149320207 -3.3122697388715774
-1.8155076826484735 -3.6436055781774854
0.17282118666274413 -4.932392759308371
-4.102247972095782 -2.3270396838009315
0.4731104188380324 -6.782266864733063
1.4930842522922343 -5.61155681807461
-3.174539052286804 -1.0528369539467892
-1.9192726401957434 -2.6482727612970685
-4.271263290148028 -8.257094136834043
-4.119282230643492 -2.511756868195913
-2.6193270406178333 -5.181460196118259
-3.5491095850392753 -1.7108188629103984
-1.8829908176254269 -9.601774767113952
1.7090943516304828 -5.376226086174822
-2.0358598715404104 -1.7593473702841171
-1.2031519968900146 -1.6197236426595387
4.556715045431773 -10.45741429768804
-3.4816419949841166 -5.947453341604985
-1.8113391880749536 -2.2190138625515132
-1.6462111848482979 -3.2732195549729064
2.6905928453064965 -6.226939169413263
0.6705060845320215 -3.412950750341389
-1.8365428230690957 -2.7978990755894304
-1.7018117336302514 -0.6855082124645712
0.7910857752193715 -5.912322918924867
2.531709097004522 -2.5106695424799383
1.8733942148721063 -2.969303225164939
-4.943846317603459 1.3303440500947887
1.090708159374301 -8.930611509291657
-2.697502182515507 -4.244530978878848
0.2125941267632349 -4.612309064534909
-0.7069509621952935 -3.2546119585215014
1.15193750334798 -4.1443272171277
2.580154199543841 -7.0387769269244735
-0.6428544815850619 -2.68323266392541
2.389732163278438 -3.06626574908359
-2.131189130061259 -1.0877041877003455
0.49625849364433305 -5.121949683698703
-0.7930651718819208 -4.64137903004503
-0.3508259572590905 -0.9803858480274272
0.546761690602096 -5.159781530218383
1.6528250936911484 -6.914940847018347
-0.30148587678090194 -0.36785173032590696
-3.7471686760905816 -3.6105002564352797
-3.059850898493352 -2.3346232653048387
1.156132230899956 -4.6751748503926125
1.4345872169290312 -3.0195088122907032
-4.0316183298027966 -3.3921871539926594
0.19379868039061354 -3.917073345549503
2.2503674335059425 -2.785956460971201
0.04111498173743618 -8.18645827815579
-1.1564298031725289 -5.037981820790076
-0.7592995713139178 -5.236861800786298
-1.438230764321688 -0.5011698343447659
-0.8754746687973242 -4.033727804744428
2.028693937084838 -3.2449525076005035
1.5350100384381586 -0.7550887784884796
0.7159378565706613 -1.5614727475446513
-2.8766608440839865 -6.881283777022872
3.2103496531910163 -6.587768284966592
-3.9395630667602295 -2.8476229984289017
2.213451811545766 -7.545489075894658
3.9116490435677913 -6.650417135592156
1.4653110559521703 -2.958930445751553
3.9227347579427048 -6.417959025202697
1.916469931668288 -4.555925726831251
-4.527101441853517 -1.2092793357857985
-0.06979910035730132 -5.780446086123605
-3.9132467309794667 -1.7077511895351658
0.5968482792848697 -6.699260228108033
-2.2905235337358083 -3.9565892880448863
-1.5130635356044169 -6.14238000339382
-3.502725286296013 -2.5081562558332613
-0.3936427470456611 -1.2425290773051803
0.7717978278432152 -4.727168463010666
1.2441706443287042 -7.533320057140245
0.19324666057408924 -6.695725342541528
-3.227254934675003 -4.077674909271757
-2.571144243100662 -1.6030041895682259
-3.0425314146729083 -6.5528435136154375
-0.1964829434228794 0.94739573682834
0.2235625148330336 -6.703130372451991
-2.02592951799295 -3.5374389845480008
-3.014987277277101 -2.6116209240079757
0.29975817445661274 -1.0181695103085942
-4.466356498618026 -1.9565362205281818
1.3584538118500826 -5.4492316358311115
-3.743819378440691 -0.7125853626962737
-3.406718112900706 1.1934941681128888
-1.1246812222953513 -3.055028172849348
-3.504819141479474 -7.057635207841209
2.0925652684251754 -4.414384748188647
3.5420488052615573 0.126787725802269
-2.0669199345153406 -4.43978657785697
-2.397833717759909 -2.761255344476625
-1.0258204749433593 -5.7094184395321115
0.6871125366370161 -2.11438639072244
1.027430399849663 -4.421324823084754
-2.555701089164572 -4.0594437458095145
-6.637795580104452 -4.002276506839483
-4.754092433623555 -4.058178405438777
0.9516021280671219 -1.5464315594058577
-0.07077968136036426 -3.7945894275913976
0.7094861815897384 -1.8579381431799336
0.10915609080976156 -2.194590960264031
3.5007507811801863 -7.601909378947851
-1.101386636658916 -8.387927092355964
0.17558618685421798 -8.047667331705918
-2.2209781355755216 -2.106972879191699
-0.5359296114164498 -1.301638918842872
-4.087482458411159 -4.8689628768558
-2.7287605727952386 -2.2025513495812925
-0.03188103049998925 -7.35027940365144
-0.9885273130549735 -3.2663340018965092
-2.8982797055227967 -0.05415497576370353
0.619933121862828 -5.211100677391343
1.5685686830853167 -1.7360261581934262
2.333790495480783 -0.7886681894762049
1.0683010983676549 -2.5395505610825246
1.4777783830943885 -3.9977707480878673
-2.9858514227338735 -2.5964372931014967
-2.006876885850759 -3.056256326519367
-2.6257451453712695 -4.763301865265749
1.3548798254348209 -1.7966701013998754
-0.4700546335687367 -0.5107597361419498
-4.050808211514919 -5.32412818921593
-0.35749946834327817 -2.115395045373243
2.0961505380885503 -4.47080170514267
-2.1943102953620874 -4.986035663970681
-3.8934739307521093 -5.811414079658476
-3.4259756181338332 -3.0156043505705976
-1.55271238469544 -4.462705395088667
3.5001888290029504 -8.46932962313755
-0.6477999279663609 -3.41785215910142
0.6161169789162948 -6.0044583551358635
-1.1412877257637037 -5.238511134666078
-3.2457827979168603 -2.963415714502555
-0.5251269450994162 -1.0999292283313025
1.3461921926332248 -3.9467514481283654
-0.2433915733028729 -2.0896582186421964
0.29675797495622164 -2.7276136924293897
-0.44518308434148024 -6.413726610616601
-3.9447271738843743 -4.060617066760807
-1.6364548677554185 -2.851021117593891
1.533720062855806 -2.608000754309276
1.7016667130800438 -5.043113930468274
1.7893300928868563 0.7286383218776625
-1.7030183177748488 -2.7336902114978585
-0.09294561656679479 -5.584479813059762
-5.68470672986264 -1.4083682917504232
-2.689240826123638 -7.8830747920085855
1.1664859450491032 -8.099601534955362
0.1479997526754456 -4.138041306595756
-0.06352534319019341 -3.1761606792551285
-3.346331659072263 -6.226572945794807
0.049805737086586206 -3.5304596288346484
0.6044515103003215 -6.994482094255729
-1.1185317191148987 -4.792694294650647
2.7342633736662374 -7.436360116813907
-1.691541719903697 2.483717916987892
-4.307290778472236 -2.5543056368194543
-1.7948690672859728 -3.4504968632092
-2.036697823223563 -3.67028425292842
-5.006463539324088 -0.31548775955539404
-1.6875416990327214 -9.115914809437703
0.3379822024083406 -2.58086350304524
-0.17371015708887733 -5.711587847612776
1.6310773802423877 -6.012164529222781
4.7640455220818865 -7.624498697889473
-2.5224972095276716 -3.532530028508781
0.811238238172876 -5.998896845261996
-3.8196797066589596 -3.5050937451236304
1.65014634598927 -1.0053001179344527
-0.15565648214098424 -4.887414758314676
-3.0347657338776064 -3.659396262077295
2.9669703644277368 -9.326312083942181
0.33559197928491313 -4.745697764660862
1.2462339809325012 -10.187428100825585
-1.1827263120416238 -8.61493343148315
-2.2537162520013116 -5.6257375261378195
-0.8630260772548445 -0.5246999547587045
-9.29877141180134 -6.893861326732948
-0.3007091910767062 -0.2553310549594166
-0.10643417668630725 -2.3148821860033535
0.5667808557969913 -4.741961539529759
0.08879072725244398 -8.665441033969882
0.21506177219345032 -6.977089619151508
-0.8204320367059952 -6.451004423941909
-10.56769984139548 0.5647978455150865
-1.2374586651091453 -4.542696720886414
0.23112107909641086 -2.206739801919916
-0.008821265884848014 -2.334652721161225
-3.7695236177146403 -5.440137860194053
4.453264657673386 -8.916926550591835
-6.033461146088811 -3.4607828993200878
2.3429962047210178 -6.712239467589378
-5.45814366580187 0.22334070003125808
0.27456604439814175 -4.52180709621517
1.6484499918263533 -2.186162748193636
0.2715366917538514 -5.434100556806939
-2.3962562578514346 -5.777628619431375
-3.7457919449437185 -3.3917703576474496
-1.70900420013885 -4.74780220923427
0.6096953537735456 -3.502921882134461
-1.0932950118593827 -4.360132737816148
0.27290848003681806 -9.461333955191662
-1.2431015601421653 -1.9015980799233767
1.7290827879161834 -4.4611315156657865
0.834530413611048 0.9747488314173448
-0.6718669451579592 -6.531162661939027
-0.7067294104441265 -0.2666684482434778
-2.107422975566195 -5.2986271074033136
-2.089112914100952 0.8501953738856461
-2.766134940564755 -7.225578709678222
1.2203531685664042 -1.700372039899843
-1.3575301125889756 -3.673891257129841
-0.8506388378339697 -3.7283718173370057
-4.373185666377552 -3.548294016712369
0.02363563947051197 -3.912556141421254
2.0492505715008624 0.050971060942552604
1.4296563642606368 -3.1169936001561678
-4.437453227991369 -1.1185955554718885
0.047721829700378325 -4.124464877762426
-4.790400039190942 -0.31729165847214114
-4.095351768343733 -2.3856420484962575
1.2326630599943793 -7.121089365561066
1.420113471761311 -1.1425140301829928
1.4252332437934139 -5.09487940780254
-0.9102372112046314 -3.778930345363552
-0.5484318513886283 -0.6130456499667164
-1.0593254980761775 -5.119328704734952
-5.496982813490078 -3.8730889508115847
1.3159887216716153 -4.2455604067962
-5.137027486680864 -6.160347154729377
1.9054883123708204 -1.0772299990504073
-7.7656214667616155 -1.1020702589384626
-3.181490786918304 -7.452415158314666
1.3672329375360586 -2.116002309084525
3.098529148662279 -0.26100307869516803
-2.921922946851993 -3.314282563964672
1.2033760418610622 -2.0772198176434262
0.062051905686657825 -4.486426996142724
-0.9813065793586736 -0.8329035212762838
0.1312848505250625 -3.3070941872042634
0.5548008371043659 -1.9392208222838705
-0.07728760755297577 -5.560940009653055
0.7103210406995825 -1.255681645201542
1.461691266975165 0.11359933682046465
-4.387158055068937 -6.144674639530722
0.2703945631879061 -5.3151464591308875
0.6694608035289342 -3.71006551783423
-3.3218626869775254 -5.947219776599932
0.006127957163939933 0.7280582506738611
2.0869698359735755 -6.022005630999166
-2.2125735801932085 -4.366017360275225
1.120800567477445 0.6281051539279253
-3.3876733735222904 -1.8157566638711207
-5.650023884538044 1.1020039359969864
-0.24105399716665984 -0.009010537726128027
0.3648139742491588 -4.459296460176084
0.2878070514214097 -8.475570747722807
-5.889321448027104 -5.831580520050405
-4.080516332647818 -4.929415034143944
-3.6017591822261465 -1.4403572652913559
-1.776122218270601 -3.217263096406187
3.8112804561691993 -5.902981548663805
-5.989762639762461 -5.112622271838748
1.4049147435635372 -0.992322018472941
-2.972503333126028 -3.874980552551159
-1.9149396148989555 -3.0494244011800897
1.8420067448445958 -2.6771367940361985
2.245764864811775 -5.524038400262042
-5.165515199513123 -4.579701163140973
1.679296790829468 -4.734436438850236
-0.6184905271115897 -4.312535858908276
-0.02089062195408115 -5.438393826435872
-1.3325822814582584 -5.618841077279861
3.0507774022865553 -4.563908337719932
-0.42309638582870013 -2.078390119820097
-8.594329700287048 -1.3940853404122202
1.6480355343109347 -2.7352453409263826
4.039459998008268 -8.457875685487478
-2.5600192253900507 -3.251704602706676
-11.189409269697123 -0.11756103897259736
-0.6236574106548293 -10.624893980236578
-4.02003113188519 -4.626910991644932
-3.7659170538830584 -1.4984465137055298
-3.9534871502340114 -3.207909462451246
-14.268810223917669 0.6716237764453244
-2.1122159800341795 -5.648497465054479
-8.092980656495982 -6.366555326360614
0.9458124075152479 -5.103520519243383
0.600767864584753 -8.441167566133387
-1.1714694439781543 -7.253696712574789
-2.5199964908253354 -3.0506909803916424
1.1586387982181061 -5.634045624414846
-3.0560116518358744 -4.9080050507481925
-3.95873621481789 -2.0211776287337075
0.6584427560803048 -5.052159453038717
0.9138080066222326 -3.239792272833831
-7.347184430305006 -5.216785569629518
-3.3149737365078953 -3.6141741768086106
-0.5936867130120624 -5.8084218313980625
-2.630835893382852 -2.4957514865006165
1.4061231038535875 -5.298308319900102
-4.290767630573441 -3.0552277297342494
-2.062040631878745 -7.939713471135151
-2.3154777940152944 -7.253026338508528
-4.886510249631812 -5.999488857065445
-4.644573815728123 -1.9045506863792332
-0.395796044760019 -2.042920340933964
1.4986959508238722 -5.154236183539105
-3.054640900154823 -3.204906241761568
-0.2993407039060122 -5.850086800956547
-3.5524947878222553 -4.040330084789502
-1.6735234393774197 -3.2322955023532245
-4.538376421601583 -8.209982263792208
-3.2337757089617587 -3.560399121734625
1.2513892710881573 -5.287983118263091
-5.054922770021605 -6.711737647513145
-0.6715474074976275 -4.4240883001032
2.221352165355142 -2.9197953624768638
-2.3919362770516845 -0.27833385577007447
-0.5675321453164488 -7.1577196364806825
-0.4373934714063527 -1.1191846385822575
-0.3248789686072092 0.8739259726703087
2.288181596568975 -4.288587836697342
-4.970982862735326 -7.391630769703533
2.13055420648979 -6.002481663593429
-1.4087631754335779 -3.701213940187692
-0.8203470442449264 -4.062894299058115
1.453416664858778 -0.8167393774111902
-0.6669519057815739 -6.622796091303015
-1.7919378607462595 -3.654156984587237
0.6964514250427237 -6.5401721703331175
-6.788059196889392 -1.4710988646616427
-2.7566360004556008 -5.491474507626135
-4.716069369242945 -6.56415452291934
-0.8089422344266104 -5.619656851992637
2.5399895649052118 -6.820291513592443
-4.607409727206843 -3.6588972384789153
-1.5054379572720795 -4.405603087730839
-2.0345617767158903 -5.7494256778828605
-1.2398822955930062 -2.481543200013821
-2.3471367599618853 -4.032999927652987
1.700276993627639 -5.892856142035245
-1.1279152866432303 -6.030149336467916
2.4263198806480224 -8.126300535097917
1.7651065469106577 -9.311460576016964
1.2327881081795193 -5.348256170770946
2.094011628425832 -3.8153662204194183
-0.07060112584510161 -1.9159152765057486
-1.7991954670417558 -2.7616002386144993
-2.6959863530997414 -7.517501561830878
2.216089534769608 -6.5282676631562175
0.2622373587772979 -2.7250538444156582
2.4675090048624915 -3.9566908463062176
-6.599107644072774 0.6840493677354832
-0.7552257573735094 -2.512229529562795
0.15167726982491528 -2.595231478606147
-1.2476923554061021 -5.013335911572558
-4.644193841833996 -1.6950730957866431
-1.3509913186826457 0.4044263821790923
-1.3098492909975197 -6.060899645676545
-1.8673271156774836 -5.9906887140357865
-1.9942949497622071 -2.311663237387655
-0.2580117244281727 -2.3343936849207294
0.8960205341814881 -6.462816418583279
0.38418561851473454 -1.2196510181680642
-2.6515444267811583 -6.70765056858814
-2.752916289457716 -1.8488739386417887
0.43414140196242057 -7.712936467157567
-8.010990117245584 -2.5579668242420284
-0.019758522384435942 -3.601520054144589
-1.2359295042720793 -4.1870060336526995
1.2661485332330493 -2.8556852843826266
-2.696969651404743 -5.137349593342758
0.38294809755436127 -1.946236997237268
-1.0820337917411966 -6.2358866910206725
1.0500007419231987 -3.5576799821176057
1.27663621827169 -6.332024177987342
-1.5439705484485562 0.10972361511548512
0.32362151855915 -3.983762710826788
-0.6926583243682533 -2.842165145128217
0.5751610436135619 -2.926191070349161
-5.015024929324582 -3.7821919610679493
1.020205162856072 -0.943733153044281
0.3051543594026067 -2.757706473067025
1.4279536867096847 -5.08096464811102
-2.692582888274217 -6.668672465804684
1.6287678849345038 -3.5689650853492196
0.2893273351123465 -4.049968546838355
-1.72934904151488 -4.78655372215281
-9.058126949982523 -2.638751410497711
1.9671214083434445 -4.153576547781573
-2.423414243908781 -5.374855808651784
1.4353344690398864 -2.4151611385297076
-1.084759584557546 -5.4252184574995335
0.9700365095142296 -5.038750931537358
-3.8086222192230537 -2.9393530338908365
-0.4150869543302211 0.5061165551110183
-1.3310985489045497 -0.6603259703164952
-0.43934545228550825 -2.4897124133580957
-1.4193787241349871 -3.33803784387698
-0.7942132406402045 -2.290087787462476
1.1899507025905502 -3.40687966058822
-3.2717744663734867 -1.8204239812774479
-0.8980203572779153 -0.9739085351278679
-0.8334142286567785 -5.662993725779078
-0.3700857536141771 -5.138378971989974
1.4751383737294925 -1.8928204848866903
-5.977929955406566 -6.399250428488831
0.7838907511335118 -4.745673900717358
-2.2086531572948904 -3.3304663847003417
-2.1748855966627763 -6.71460690848974
-3.1314912608184504 -2.5868207947270148
-0.3749155219967411 -1.371099616651609
-2.4076893219309032 -3.4588247665846215
-0.16381170526889857 -1.9515857406060995
-1.3005799004410652 -4.872393574699458
1.2700449088356573 -2.6706796878889736
-0.8689585657250948 -7.140262522444455
-0.041773495258454335 -5.430319755614347
-6.298585401665932 -2.183737505304262
-1.2726802924074436 -5.413342026499238
-1.4021841181541679 -5.335829769734623
-0.9727385821793751 -2.232644412459722
-1.4789647536019719 -3.675349733722191
1.264406106049179 -4.269401156350522
1.8734730533669501 -1.1178299367968123
1.2868225754800868 -8.233109703389921
-1.5830695917209285 -2.548731396379926
-1.2013687793608203 -4.399898992891383
-1.3612934335327374 -8.463465988809679
-4.019804698193838 -1.5315879649413235
-1.1320393293079296 -10.239243930562976
-2.222512430156684 -6.220694118646759
-5.549470616411853 -5.596062136287523
0.6026556350438165 -0.14487913149797976
-5.672479276421768 -2.7929498546051383
0.47956689731167 -2.9528791229717797
-2.173618950729747 -1.8841141148589113
-2.013915036126676 -4.67424598508493
1.5612205678330464 -6.795238061464099
-10.435943417080637 0.22205323729065618
2.3877305393664865 -2.6347944668362473
0.20752723675344922 -1.714818310349863
-4.162353163680507 0.9459852591050728
-1.7811911098490758 -1.4222977130803638
-3.540739683723246 -5.389840732216089
-1.3402870872827182 -5.046832572511944
-2.864288585383776 -1.000358303587942
-0.7962640296135113 -2.8084557401017243
1.6829221989809322 -9.821845902813452
-3.0507370403220904 -3.4784889387383315
0.6249085253831194 -4.5514140793874915
-3.627741123233705 -3.764554007367217
0.9398072618065495 -5.46252836368886
-4.160475234044711 -4.186263665674287
-0.06868129790758841 -5.159955097004262
-0.7297498655933625 -3.5317039574552855
0.9652123902004344 -1.6026156120853934
1.2957114807879004 -3.7895124691505955
-0.3004272073070388 -5.834785954315943
-0.06914227299147094 -3.1004900219184455
-5.1236338879654255 0.8255943826381339
3.4588404894400204 -7.4498118274293645
-6.178442310263307 0.5949202270924756
0.3309187217297585 -1.453244779977384
-1.2710581847485831 -4.676021095211342
-2.5078026221691947 -1.3965911559761937
0.8492715211865369 0.1614499060973229
1.7278398657723097 -3.4278115928588773
-3.382415214554499 -0.6670306130507824
-2.5317556275687854 -5.333455907573075
-0.20678595686617088 -6.980658586881392
-5.619984439118028 1.5113589723168286
-7.744101012747237 2.4903508115359387
-3.5957953246032877 -4.75017745976673
-1.1238876259831305 -4.12326284425928
0.05474498711245642 0.3043976930079388
2.522466983670326 -4.506743397194247
0.9981497794395858 -7.673375845609917
-1.43083592772085 -2.368327590052877
1.9356670253483224 -0.38360910106435625
-5.742956919140937 -1.1296215909551244
0.15073573580083602 -2.263774715194198
-4.296874580251838 -5.134072133265968
1.554502726596865 -3.6862864499532604
-2.888409776547349 -5.799986500281669
-0.6733397435460949 -4.524250350447035
0.6122850733003699 -4.753840991268189
0.4736293389715623 -4.5389290987406925
0.514012742030459 -4.901169257426993
-2.3219880895570673 -7.945677651664491
0.5229915598672503 -1.273441642908412
-1.5223190979565122 -3.718434445798636
-2.6129921516275663 -1.9729671029897364
-1.1760131435547412 -0.36827197721247085
2.573887643192676 -5.983246324724652
0.5618544869250424 -6.879168078891161
-1.806600166954539 -3.8814096996006744
-2.4429288456157967 -0.13395300462191745
-1.3680357558651797 -4.014541811392172
-7.841134952835546 -0.3020399583978891
-2.1454867701162645 -1.3221001248671245
-0.899373080050822 -3.312710872598459
0.3871893443445768 -4.618884785629475
0.33694374923599857 -5.381535238823797
0.2870469531259937 -5.098597173128068
-3.520268292689352 -4.538759945372744
3.2141108283419006 -5.359162454921654
-6.642743720265173 -6.0162036018501635
-1.2325216486246264 -2.1092536660573318
1.5057238691991295 0.29460052276323695
-1.844814843686024 -8.635392271494036
-2.823537999191203 -4.91742249233053
0.9595008087028982 -3.2262371849387685
-6.07595204301424 -3.3514990753552025
-4.675618192360162 -4.671062848251315
-0.17109106874001206 0.69334587423631
-1.2802401588238725 -4.38213069343217
-1.1534997431130596 -4.266472745981979
-1.0640882486665366 -6.945014191715807
-2.9875017262472743 -5.232258159121979
-3.524358380960977 -5.445883893626198
0.6505777683916275 -5.27103317414918
-3.210373664181518 -4.853691099485569
-0.37302601307230565 -6.3361344942384
-4.969202693352756 0.9898167542089014
-1.871182545981384 -2.4616489407656883
-0.9603358020022628 -1.7931094999039432
-1.7994401941780895 -2.3213905574599383
-5.681464500874242 -3.76722777889648
-1.2036444013894116 -2.118198569618774
0.6354347129580301 -6.848982232435068
1.3009036019564628 -1.8833593846712426
-3.9155055196822137 -2.380250198302858
-2.031271428252865 0.5471489480285462
-1.2879609371765217 -2.5128709109732728
0.49357055894640167 -4.567997843277929
0.6643302534978941 -6.054779298726795
-1.2140212777111832 -3.2952863308312077
0.21441999777317702 -5.728727397907477
-0.7926681092538106 -3.1442049983077833
-3.5537538007854725 -0.867509451836611
-2.249842190055404 -1.8562569804780615
-0.251224179898188 -7.780386670112162
1.8576116323174712 -4.818504112709021
-3.1360130787536495 -4.892079974762284
0.16852705549653935 -6.388110634798698
1.2295777347493124 -7.396468348414761
-1.8183929220114554 -4.8240798454244525
0.8126716427785531 -7.627839841205396
-2.1097372149583156 -8.031125663029941
-1.3454248181492408 -5.116389452125625
-0.8142826552770405 -7.05593614392016
2.173816559142963 -3.9550596838256546
-4.316977746293901 -7.661933782139615
3.3277783333751776 -12.540701813938194
0.2852744916381904 -4.074716757341133
-1.74265949041795 -4.0503890282572295
-0.814925727992119 -0.765796918822497
1.4987713425842624 -3.3180012236855756
-0.47662935915580873 -4.967208242811777
-6.84092453950845 -5.268363203333321
0.9067241656062344 -4.650171713137172
-2.970634820970361 -5.749029710834662
-0.25255304481851265 -3.747222671122836
-3.3311543256591 -3.567406358453584
0.1219316178335952 -7.628599620795374
-0.6206658268652492 -3.6251708185659233
1.1704002542920615 -2.7011929146242335
-2.681130127303519 -7.116657698143625
-1.4810480118789688 -1.7220976283144294
2.5430253536047465 -0.6100502527366602
-3.085027853108699 -0.821014927310562
0.6541868229792552 -0.8197447645241966
0.818569257090132 -7.395843865829076
-4.325977846333359 -6.64308083616977
-4.989856903611297 -5.76497406148803
0.2575564286271397 -4.72023365053239
-1.4313419365894338 -1.257762167294783
-2.2224458384147856 -0.8601299183154094
-0.650338241113588 -3.714299282126409
2.052000424763292 -3.7314952579045624
-0.44774547236946227 -3.166269704908483
1.2074506605248696 -9.952972527655772
-3.5072686079189315 0.652226419628387
-8.049472639873642 -2.060812728520586
-0.37732239721142974 -3.39987326744001
1.6041313040542484 -6.662273469416786
-5.4672777045432355 -3.326581913973684
0.8190198691782198 -3.974308393450447
3.422838631015792 -1.8761243337131583
-4.782876084716378 -1.1052879336599946
-2.6828138606962293 -5.376999770329048
-8.401383795298742 2.7147151394613687
-1.8730335140677428 -3.778377384173902
-1.4674843866675362 -1.6133939745775296
-0.6288109608174469 -4.158971432747757
-3.814778611463496 1.347976092744653
-3.701564968558543 -6.196996047664185
1.5303174326089102 -5.807875910071878
-0.9028307868969992 -5.603056536152099
-2.9648045386760775 -3.098491001569662
-2.1484932104787053 -3.5352765502021524
-1.115203006330376 -0.7839552366573499
-3.4050252916468655 -2.8128429247683844
-2.695056813962524 -5.487995510988507
2.9935174393376363 -6.351220343793888
-1.3472025563831953 -3.9422449811077405
0.7523880311595258 -7.531393757491734
-2.6641798081676744 -2.38102634837291
1.0213693923884075 -7.154091190957339
2.6530839766945173 -2.583264713824676
-1.0666742010343317 -7.188562027960227
-6.81649273119865 0.4218481811172566
-5.163063916597807 -0.1512355135638147
-1.3718596273033374 -6.040794882070762
1.1709596959104256 -4.374703562604073
-1.6261167844824203 -2.4994724082377866
2.532682110537379 -1.7209472484162058
-0.7031523480875851 -5.018548038361297
-1.3058318613729942 -0.6032974318801887
-2.6030855377694313 -2.9739451725891906
-1.4611724916875208 -2.4864170497843223
-3.3431975499009643 -6.286892923310063
2.922362008336079 -8.426702467289928
-6.62515204355428 -2.1184356123768984
2.839333686122117 -6.856879328363949
-2.4657693169522905 -4.849216051617577
-2.72758993258114 -0.2994475056900414
2.44778815085668 -5.793862923680087
1.2792915228416883 -1.5965977180479816
1.982900385721478 -2.1836219213767314
-2.039026264277752 -2.0127259295059288
-0.7483847691673736 -3.7218981953163683
2.050962306462636 -2.7246523467532424
1.6165084140844634 -5.8877731697035225
-1.377480377144011 -6.947031707056459
-2.2266342830210424 -5.630620549272995
-7.521340460483458 -5.984311625933849
0.4964196041630371 -4.044669752173003
0.2763570747870287 -3.1041504396739246
2.1106893071145683 -0.5320857209523177
0.4388263066417292 -5.423869705749307
-0.25927847791960823 -5.901591360649578
-2.683781942552685 -3.7658637697189326
0.07328435928501116 -3.176151753299911
1.2180138228235076 -0.2566535678527382
3.5081528495393277 -8.437048790795584
-2.0438759130545354 -0.5547441576092023
-2.6952625119527203 -5.077407021292679
-3.7886684038816867 -6.402212590281311
-0.5760260984395277 -8.456156596955235
-0.046714356413332686 -3.670998394813707
1.3357875902038212 -2.3885734307502196
-4.207900233954106 -8.203206707050633
-0.4144147810443005 -4.628246321409807
-4.128611962729053 -2.2728256002328266
-2.2254257591853706 -4.455450521176006
-2.107869503845436 -3.02806267758781
-1.7304918828280198 -1.1679642166774884
1.207125761995456 -0.5872205014795921
-0.27995439995896754 -3.138103432839632
0.7914975189198398 -5.762451222702774
-0.2409338219262341 -3.6495292069804623
-2.971348232907886 -7.023187520796494
-3.6349556774695064 -2.797381057788276
-0.06875494996271 -5.254992134224797
2.095509299651979 -7.7373268125347625
-2.279929671653122 -3.6688303943758718
4.973231072387577 -8.449715576615095
-2.740328542065726 -3.0678095004914985
-3.893408101580661 -4.15335221097468
-3.6060637826746818 -2.241535235321538
-3.59629871418575 -1.0618027053327157
-0.5392396015117956 -4.604054486964334
-2.259729543123243 -6.721209693033632
-7.306728259855774 -3.224400241684569
-3.295933069981758 -4.965102726687692
-1.4238691005221544 -1.5488446954627726
-4.709068787011702 -5.254192404172004
-3.924979181366681 -8.272831878483668
2.4156542075371017 -1.4919209448960435
-2.504486324520258 -3.923811550530251
2.665059909430681 -5.457187129261163
-13.187826492885065 1.3146215019076486
-2.1932043465468927 -5.9859832996462945
-1.180440816094461 -6.884316583603096
3.2064597976386855 -6.464294545407604
-2.805284269264505 -5.462168298123427
-2.3620567427737744 0.8526423793665981
-0.5197782950911861 -0.33587814870260263
-5.09163180163695 -5.1798071659037825
0.7079177838189704 -3.1711333601281537
-4.56287826306577 -2.5350878968484722
0.8398275828920414 -2.2808800540385556
-4.363028063192317 -1.1657683421239904
-1.1444519171330687 -2.4063061585853207
2.0285405424900342 0.48956673158741815
0.6862789213375603 -4.066554670837683
-3.2210918051713695 -5.5524305462620065
-1.8765403644849108 -8.765471821696513
-2.776799270888461 -0.2878213932708255
-1.9774634773668116 -2.205116541909402
1.8582142238674628 -6.117703042117556
0.951282809232637 -0.6404968845031189
-2.937320771005489 -5.582343163103165
-4.623304617711085 -3.771947752969055
-2.3227407710155608 -4.017193174800625
-1.4674388571016412 -6.105577259889835
-0.0506837201985494 -4.279038373748013
-0.8153284739318284 0.3759618722137815
0.19960982484691597 -7.30277080531603
1.7675841538285078 -5.845930863620581
-2.7076135788028783 -3.2382372842501135
-0.9958640951346217 -2.677687517203074
-6.012456724274514 -3.277554846341976
-3.861500338523158 -3.351242297666202
-2.2901989252108597 -2.8909198945947696
