0.20577420884394798 -5.571111677919498
-1.695228019677572 -2.0251751113759595
1.569793330400429 -0.20434848602655686
-0.06957082442581039 -5.796483003343562
-0.5367553958777054 -3.312811357471174
-0.710103352702149 -6.411355820321163
-0.20092871855224873 -1.2352502608170572
0.17812525553397024 -2.5350550774144045
-1.7346709594345673 -1.3209652761841284
-1.0000053968557272 -4.753551485526513
-5.3363094543730085 -0.08072991741903159
0.39980697694554074 -3.210273559915228
-0.004846331623994836 -4.473940973143609
-1.3963596683232855 -0.2984674144448293
-1.3679000779393964 -4.631452236329997
-1.9823844146120568 -2.7737664826472
-1.7638880314194556 -1.178063178262252
-4.984697847357097 -7.237095752879056
-3.1358403603114344 -1.6157848806689743
-0.8623863055436807 -6.417628792811288
0.2894484472282383 -5.480483129594526
-0.9739360695917159 -0.07982594905729844
-3.0098556675053207 0.8724745066478289
-2.8304717087283966 -1.3461389365688936
-2.6151808216301338 -3.6582845943834643
-0.5579454468218474 -6.029007152936115
-2.095758206783302 0.11314307097704658
1.095715734431138 -0.9829371206431061
-3.1815796588574448 -3.272159800472712
0.18595843429559947 -3.723525015833295
-0.044187587896246924 -1.3290259146972074
0.2731967869351731 -6.009984263165534
3.7138309959825615 -6.4952597940096375
0.9025599385719255 -1.6241531998388168
-0.8862923380536931 -5.857138697583784
1.6715072798447885 -8.528781788885476
-3.8932199038441557 1.2257602802874055
-4.955607128398029 3.158115506836327
-0.7799550294489286 -8.64777359348387
0.17271190452562668 -3.3430750361211046
-6.143090210096943 -4.934112533947194
0.7838446511190391 -2.627914099550338
-0.7542038683894109 -1.917061550049055
-3.295184576737484 -3.483506275762534
-1.3666125833697724 -4.642312935760689
-1.5170286405314786 -3.160342718404152
-6.577115457424995 -3.545682243995388
3.5292879203137195 -5.398485649300905
0.9293633592850761 -2.476040936948654
-2.3440441586668332 -5.476561335184247
-4.452965233232561 0.28083073722003743
0.24462229590584145 -1.9455322863760836
1.9453430001998975 -6.590882022349861
-4.531313292686065 -1.5065735165979444
-3.2309145885758146 -2.916198353277229
1.2700039444428906 0.2452970603065528
0.044409526056568394 -3.0691099558601214
-6.011720860527689 -5.078706527698782
-0.5054592369955065 -1.826923386580509
-0.8461511964448081 -1.9831405375059894
-4.185959420807336 -8.269543515233286
0.4523655511423777 -4.4653184153308585
-1.8192005701678087 -3.249247457939199
0.9541162034576581 -9.602677192053505
-0.955163823867608 -4.754820070291745
-0.3738597771185543 -11.896018570083504
-2.198518869723984 -1.1863234265188625
-0.798790776112654 0.7489342428053661
-1.3972081447359703 -4.355965717804732
0.06112324951602894 1.524349078245596
-3.0631273582350933 -0.9989204761790942
-6.0623857074339895 -3.403130188121668
-3.3563024616291988 -4.851007120988335
-1.5187390543704857 -7.286142949548463
1.5312709830812703 -4.067603983263473
1.6407037716650446 -3.523628934649808
-1.999484065628096 -7.235938272365106
1.437212856744821 -5.101832549492302
2.5463864266655056 -4.452433422707501
3.3574324720628956 -5.923050701366463
1.2023954783622197 -2.916507049087566
-3.023467944245781 -2.9455314181196637
0.06856997236327772 -6.099595204510689
-4.1383854095524555 -6.58056326171137
0.831420936028962 -3.4738257808658783
-1.5546858698893693 -7.337262706581713
1.0174320196885271 -4.862863038956291
-4.354743732971386 -3.1205770702020597
-4.226396081653746 -2.3628583572218402
-0.7743879454800012 -6.103128180193847
-1.8992227903193855 -4.4741305219326595
-1.7813599873033188 -1.113030340527217
1.6992606037842388 -2.9436007662087835
3.484527243056603 -7.632208744565776
-4.583933565385209 -5.820298538058834
0.8800771546617763 -5.261685967330603
-2.64728393445067 -5.1168717325857695
0.8432021114632843 -4.187825733821828
2.6090365322506552 -4.964295853901657
-4.923752010459012 -4.0621228448885915
-1.1358251096211665 -3.190713942896617
0.17612700607118328 -6.727285555825463
-1.5712866592423185 -0.9550254318764885
-2.1506400546868893 -2.8056132954283006
-0.3992397380141319 -1.8579793516129817
-2.7632288934427014 -9.227579282328948
2.4908736987452462 -5.02740520427518
0.2883928396304607 -5.768083566000351
-1.8462520600514982 -5.996869533709955
-1.5824382378983732 -5.543133456248037
-4.32425087364939 -2.5790961037285265
-3.4654250877448196 -0.6074716844458079
3.661938051280358 -7.1893067534848045
-4.0989729739670935 -5.080313933153644
-1.2407807759213658 -7.331480723789872
-1.7385392370243695 -0.8330089180085193
-2.4661097719729104 -2.8267225455607754
-1.0616364853106437 -1.416858551972374
-3.2920001141114454 -2.291404214177224
-0.3469384108978208 -6.113487086133095
-4.04915184750719 -4.192865728194004
-0.7130113714701598 -6.180958690365817
-1.2980678311649148 -4.546445269682782
-2.524340143345669 -6.202917398693078
1.2876152158547565 -5.612161910340225
-2.061443005622707 -2.591638392491978
-3.4526026243088954 -1.2882777906569687
-0.6591599400582597 -1.6186159252258976
0.9096366958498829 -6.2463595951975845
-1.3545526875819864 -1.4724397358523136
-1.9613494337668989 -4.399245589872757
-1.7058107834593135 -4.12629228808412
-4.4758417516188445 -3.642030744007033
1.4827120703966439 -6.98143308821847
-1.6146944430026484 0.4869003645356806
-1.3299702588209645 -7.437283050986059
0.5909804545982803 -6.245760111601481
-5.126581190232557 -5.299884240897
1.4774466487335185 -3.822766348200981
1.6177353228244011 -3.865846984326884
-1.8219282977795932 -2.0069852215129704
0.32477162271683785 -4.768381744051196
1.5220126990627274 -4.093211580075289
-0.32354577850844674 -5.923040106719138
-1.5390061189037714 -5.5199027367022016
-2.713041353269205 -0.059034988105306704
0.22067372612612185 -5.881530314047643
-1.918060854658052 -4.772257663091951
2.8434626025166803 -7.370174213572386
-2.2011105791221874 -7.773223288290201
-0.8831586489872343 -2.3441565030974263
0.44350376852976514 -4.801939828673716
-4.802786010840151 -6.627260107408442
1.3874459996508075 -5.897677998915862
-3.2803361941002724 -2.704561934434432
0.530966057390017 -5.98979904348092
-0.740824069868737 -3.169386360237549
-3.3565188889994464 -1.9211815338827967
2.387189029462902 -1.5142853292457998
-1.0473893904538871 -3.295294095492868
-2.912129657552484 -4.647995564026648
-2.9065506816028237 -3.350066197177908
-2.6452361149669064 -3.6910534387293388
2.2270635643355656 -4.504693914003734
-0.07289188615187965 -6.4613140330944
-3.761682904990224 -4.776690104163587
1.9973021498653902 -5.283972824290721
-1.0951848985651798 -7.246697341259034
1.8599951456401835 -3.888276207770701
-7.144686625672122 0.23267772515300994
-3.4602715169551463 -6.398777728359162
1.2988791273542826 -5.529916677147746
1.2324735455813276 -3.899745956808225
-0.5654120505553666 -4.273859583011844
-2.698454484468358 -7.439169759120801
-1.8414150506291664 -4.8916031700213285
0.6617008352734071 -3.3484027067884923
-5.194098158515445 -6.222644663450872
2.4593304630826784 -6.871137579589408
0.4031167633460481 -5.465166545046279
3.070686022342186 -5.9631546967595055
-1.5409565560417922 -4.52511230195954
0.0874164406585856 -4.779597298742151
0.06922438451974196 -7.059086384423744
2.584288167620144 -6.617090776474043
-6.421788510261081 0.664609948090851
-0.518905465154859 -2.0595736077387365
4.471656477514699 -7.889867290160713
-0.7349924063006914 -3.843652248738317
-3.555035563222106 -1.4626985227537554
-2.5772027042361008 -4.792927759275874
-11.658737452840725 1.3036447331472056
-1.217256271226916 -1.1126882405825953
-0.3866147924753568 -1.837032555595103
-3.9353886347157503 1.312034304304333
-1.1061655526738297 -7.122197832696575
-5.710306377229898 -0.26648202345031835
-6.6178226058450775 1.4744437063256242
-6.380728613985184 -1.581386234355135
-2.3828070982751943 -0.5458996154549959
0.008211798636650733 -6.33257404919418
-0.3332820807084719 -3.565668824170428
1.6425356724241307 -8.963058542979551
-1.208687554228746 -2.4965069852615076
-1.796446634044088 -0.45405223460811495
-1.0998666833650224 -6.918020368632098
-2.57364628519062 1.7744812583979188
-3.0529891271768723 -6.372643408826899
-1.2790879975401597 -6.306611241247225
1.2549358341065324 -1.963696891273137
-3.7425172304317162 0.15143402844766382
-3.9328998328347216 -2.8769002557943493
2.195781100155627 -2.31330185257737
-2.974743525733445 -1.3981131889144582
-0.393064662450357 -3.569249927117245
-3.505125482872615 -2.3711093913418755
-3.137158723706776 -1.5010096237610806
-1.993909772885147 -2.5584043379430588
-1.8673820456136387 -1.6735072751764186
0.9909800436549571 -5.074920668319976
0.7217452141574792 -6.570049106225301
0.4634040012110458 -6.802830850337828
-1.7357978822527402 -0.31501921321795157
0.5017477008451148 -2.462896120084891
-3.436552809647595 -4.832950653465809
-0.8631073104545667 -1.353919480824883
-0.9928462353982898 -4.518891793461789
0.7600002373387009 -3.4181176422612376
-2.9358824060476825 -3.9787692813510858
0.8847670070988438 -4.800397310429374
0.512774265647678 -2.2488557464954644
-1.8166620041490804 -5.763034380528685
1.475043129209666 -1.6129961752419735
-1.3114283365513875 -1.6749801439395062
1.160429494875728 -5.92270521452222
0.6805879090574646 -5.348834918589208
-6.106134685808215 -4.398483559373973
-0.6735075826877908 -4.439678665195117
-0.7358118376252637 -5.793202889867366
-6.139207282053846 -6.416731506838306
-0.22765129142852972 -4.018325497736379
-2.027547194755272 -6.008799108107661
-0.2035277580691861 0.4411947053478099
1.482853882926363 -4.34302652707013
3.0108942530127214 -10.888455214262512
1.8077125729281245 -5.029422543469216
1.7887432489889359 -5.042413210333213
2.220792458986778 -1.7675077694375074
2.8563609555298934 -4.55831846168685
-1.8049121343039904 -4.77957420209594
-2.518569907936183 0.6009359734293238
-0.9957121357935114 -2.3897079446252794
0.5044016472855042 0.44760793000918775
2.005072539615696 -5.234718262468458
1.4502246009833324 -4.413216278122199
2.0876476756068874 -6.378312245293197
0.1286617267855088 -5.076783875737086
1.1772915955834544 -4.240552091087641
0.24171285739883722 -6.259630318968852
0.12375376162233875 -8.194740132963974
3.007720536894367 -7.738025681038301
-2.319814921072791 -3.0737776156244863
-5.381289318970403 1.9387496877297286
-1.5377848114805777 -3.699408914908424
-8.878892612877095 -5.5585101668127965
-0.8996202778135258 -2.9669569546336563
1.7670091807673451 -1.6833693676345376
-2.3902948330398606 -2.6626116692395945
0.4368977353142038 -6.021160070673002
-3.0785524469400944 -6.7179178534625095
0.5823444010051441 -3.9632245469267215
-3.6027887684575295 -5.229222840077597
0.18378472245218777 -6.810358109319032
-0.7571582406686734 -2.4551325575591996
-1.3624244001029102 -3.5877309010152216
0.023162341531005118 -4.226139413812769
-3.3847496474486016 -6.941815336757063
0.34681531213288913 -3.5377885854755156
1.1358962355085958 -6.019963295864749
0.26811417508200397 -5.727710411046027
-2.2655859548237207 -3.3405067178513486
-1.6143436293773878 -7.177225093694751
-0.756519027115474 -0.7910478619366907
-4.473361460293631 -5.930200738634129
1.8870111232516389 -5.053252659155199
0.9214046881300814 -6.9349101542143305
-2.7486493648236494 -6.605986793815096
0.8062277016876034 -1.4924028138219896
0.7822587333592562 -3.4634004506159983
-2.89278436091854 -4.571035486657392
-2.9102735867087977 -4.62649923520089
-4.134252831194715 -4.205104824885784
1.469400453181904 -5.55290985856322
-3.379068965605456 -5.566806467678438
-0.7253865968230717 -6.123062184497048
0.805844812877168 -4.998953922226872
-0.2469536742068928 -0.8432261513680824
-2.9411487012325073 -5.133634696930617
-8.62106001665451 -0.774952869823247
-2.9816221176801467 -0.8206330384918898
-2.1710186106922302 -0.13513826182832359
0.9755504557080876 -9.515080566232708
0.17688038968623163 -6.233653870610882
-1.9550883046370733 -3.6633580882777586
-1.6860127252069506 -0.7713865116242754
-1.3428232401881819 0.18102931554044802
-1.601293024926051 -0.5493795812221363
-4.355438741827186 -4.773444332441745
-0.2504533838702943 -5.64822481181658
0.8574501774045865 -5.754820308086831
-0.8659952200780059 -7.070107066504237
-4.492338698113926 0.192769424579977
3.358128585702516 -7.151593971399378
-7.882118181697692 0.011930450214817334
-2.901489442393754 -2.8185445835823955
-1.3637030569792903 -3.8267058040977315
-6.5967074514414605 -0.895488263357149
-3.018871287865807 -6.019808820398008
-2.8141097701830238 -1.9184533849397218
1.3515393958272308 -3.018810971405863
-3.341674558164684 -3.8675551373507933
2.2123548499451 -0.8200314471429038
-1.3839782314768319 -5.231610795047651
1.3897488589780376 -5.741424531917675
-0.04722483265949571 -8.595786746319172
1.1043838349937967 -9.898836971283043
-7.005359833380339 -0.38046404675330736
-0.558543126379249 -0.5225316013518609
-2.398724686949891 -1.102352529948521
-3.240292262260511 -4.275192122585094
-1.271881603864586 -6.267459505516045
-3.6916769565848857 -4.299598751473795
0.4015773048120646 -4.045865214022843
0.00535996247565119 -5.231228570872365
-2.9782091336283263 -3.0268979080273364
1.5054769717242205 -5.111813573127447
1.0868063913616193 -4.773996109973171
-2.4281098409026787 -5.973259394829706
-0.26480796620019537 -2.790948362353005
1.0311282427118011 -4.175119357952238
-0.9477111052546978 -1.8819081127011483
0.8795500146252659 -6.689949695295016
-3.155654268143224 -3.59196477732088
-1.5876937396796937 -3.558971639533309
0.37280429542542426 -2.618734112016655
1.4958557004831756 -4.016812442923002
-0.8316529305876091 -4.592347845033566
1.1190332600250623 -7.930121756923734
-4.568533582668607 2.1274460741198538
-1.4318496052929537 -5.389464185979816
-3.14734990830344 -2.8625829011052923
-0.9442554394158837 -4.026001690569694
1.8816158433026113 -0.6312724861763269
-1.3740293261932242 -4.233497427304314
2.8077755939808346 -4.936654052149318
2.0263936600706383 -2.6857042060903864
-7.327064393949797 -0.6798103808596596
4.506577149332016 -6.340312304056243
0.8866671905636418 -2.261777533541599
1.2775758813408227 -4.787840803432952
-1.4514260852536016 -3.211383795927902
-1.6225966246672245 -2.0970613093838164
-2.1754180941630925 -6.096941533198913
-1.6128133340043012 -3.4685963733778653
1.568950209145839 -4.090481628766875
-1.8781197147248325 -3.9477021055464334
-2.625478611747653 -2.8806821174267947
-3.507638518344777 -4.26112350552233
-1.6205449696879841 -1.7138757006640448
-1.5460459810405642 -2.1371642931498496
0.5248881915793784 -2.5832858109378427
-1.3184108053820727 -3.0113725126797037
-9.113225113404496 0.9447765540239554
1.5847785806801933 -4.244696351020905
-4.76176747357114 -2.1782452239544283
-2.5905366487464083 -4.387815862149628
0.6845165508142651 -3.2850428185534577
-4.847551731018015 -5.044261905411059
-3.301002398197625 -5.830791208491623
0.5350702691959835 -6.231022419163131
-0.752006792703583 -2.060523128723511
-1.8209164352107483 -0.6415979620245071
0.13966996823634706 -3.7297635961439117
-5.079452122769709 -3.486028177832066
-0.3418720893772903 -5.373299457769822
-1.3161528831684282 -1.8883601244543973
0.7203877502419822 -7.37213399794978
2.566573146941322 -9.739483371178428
0.04359450776193729 -8.044702355626512
-0.9943635749358609 -4.660058636025734
-0.67202306088808 -3.853357467364922
-1.302736179416883 -3.9322216528188663
1.8338114891687378 -3.800700041706194
0.3435811745440414 -3.5374806661280607
-3.013604261402833 -7.971209073712761
2.683397340208074 -5.292893739103136
-1.2230006707145553 -2.562363048797874
-0.8372260002591364 -3.225375864255288
-1.023812608847749 -4.754532446222682
2.7100319533417543 -3.8041872959423606
-0.2210031787974603 -0.032754686462061366
1.9801084803798967 -1.8508000309021102
-3.120483454376086 -5.927934460563793
-2.108689364920466 -6.152486769532969
1.9802069004715286 -1.6718367811429162
-1.2700935946980825 -4.409596914543797
0.6915468817592221 -6.785936905568995
-8.417664270881517 -5.37788303908119
1.9897002788429454 -7.963857957027105
-4.034919369232156 -4.325902429357063
2.028418504924203 -3.6738491268465903
1.840219219674935 -1.3037587105943544
-0.9691257956258996 -0.9060711588769416
-0.4379667285725337 -5.775262093063157
-0.27254984684253736 -3.905950011989502
-2.398443563373917 -3.8490272805834884
-4.131513279686402 -1.7386053965814505
-1.3876768578295757 -6.602111271621582
-1.0491377713677115 -4.03019107079654
-0.5370409692773002 -0.6383715240397905
-5.428611518659906 -6.21281405097692
-1.6073496300741261 -4.178742865345946
0.19556540616251486 -5.901701044603978
-0.2860867811786822 -2.378867770751239
2.193664536465092 -9.063568273660856
-2.632917593730952 -7.045620477527984
-0.20124549732257496 -5.846105038692053
-2.1272935338956107 -3.5114713980014707
-2.534577823181991 -0.3894331295659218
-5.1400974007069635 -7.5396035762039535
-4.766802328383321 0.15854717258554538
-4.27967540080941 -1.1180751521974894
0.10476440459684938 -1.7150131057629363
-4.869902190032235 -5.3086236697025555
-2.7235947330428307 -3.3082119364026266
-0.867507158618594 -3.7302822535087303
-1.4207822727918402 -7.576541320630816
-3.5548854922726614 -6.002757016542876
-0.5196057356506717 -7.696103708257495
-1.7364530417065398 -4.071969816749944
-2.3114887195507667 1.1867135196589174
2.9996336595203976 -4.313182119062707
3.429510346261835 -4.788662820267675
-1.2708117781716628 -4.777622137478833
0.5929503380635165 -3.5277343505293026
2.687010440844531 -4.520972089844449
-0.07835720541747597 -3.9662107995667335
1.0607807650267058 -4.083368642015567
1.4084207245233096 -2.6555618947106745
0.0407753942557459 -2.934912039250097
1.946466276081096 -1.8579854709340806
-3.244207176587452 -2.6312659439461568
-4.1003440071243205 -6.990578051541529
-0.7018137235288296 -4.806633913017564
-0.13207080861475684 -2.268623086386812
0.18355604873578055 -4.168021267789962
-2.670549628646754 -1.5184770210183163
0.6918344578288462 -3.747570061329236
-3.8971027527132525 -7.088971383551067
-3.192694660336657 -7.243247320283832
-0.5915795572146583 -2.507623255279785
-1.5598928891140535 -8.09973697342344
-3.878062322796069 -4.972390737128629
1.7542073255860795 -5.906455339279229
-10.038926929109223 -0.45943401866409816
0.25208829139879146 -4.8220179284243665
-1.4751615824906001 -4.029679584485493
-0.6597167785322572 -5.375768744859041
-0.47608147955278945 -3.816615604871525
0.2216056515127602 -4.422901621923471
-2.478996525175234 -4.785579822474162
-2.257802744020751 -3.07781314453274
-1.2442743357574533 -1.8095010471365287
-0.004769985457273224 0.9011914371891058
-2.736170937616564 0.10933477774771125
-2.5583423268660117 -3.899158599417573
-1.496701257506658 -8.381511224977999
-2.2945876097448665 -2.910949334592272
2.982465382881841 -0.7954449110094665
-0.8497800200277655 -4.314374361411411
-2.97735945040499 -9.903495025730631
-1.3242888878721577 0.7278871011235954
2.8925089362612644 -6.461148943386594
-4.8102096667843455 -5.264048498663208
-2.254105200353948 1.030429404646691
2.0166871848754786 -3.899371527680094
-0.5391780671555185 -2.846133875284336
0.45537394655605046 -1.0060434169573778
-0.11229546475098606 -5.417734711490528
-1.4098390474064222 -3.2278232363017794
-6.215073836132831 -1.4641742572005434
1.0931631002400048 -1.0394826256112142
-1.850350123545383 -3.639173287630159
-4.924790290360178 -3.7784213663807398
-4.031851069223421 -1.522040191603975
-1.2376507123778997 -1.4830139303734782
1.4100445827072288 -1.0013558243104244
-6.513108351528615 -3.3205817883942137
-1.3750852516967034 -6.407392395051971
-2.3100012480163774 -5.902663931048276
-8.574438891152155 -1.6286141069098967
-2.799411241813474 -0.40147889310521234
0.8916536501093613 -6.376798754936353
3.3658616933820578 -6.688718262752007
-0.835759735764427 -0.8635041073602735
-3.6426662849517872 -1.267648369307205
-1.4612334362702346 -5.668747056145608
0.22230341379804452 -4.901311437364179
1.1528523291080144 -5.041518249881607
0.42297803721959293 -3.055528136701031
-2.2156414647849094 -3.9170263226761346
-0.5153731507316769 -4.454969870729246
-2.6297918638036184 -3.2925676572299483
-2.3901384544693234 -5.422177489524408
-2.825852937744941 -6.107402547171933
2.04477737788801 -4.750234172192354
0.2731650346952246 -2.9157967845361896
-1.569831680958686 -6.440735770020228
-2.250872134508683 -3.733539175392286
-2.636823448014511 -4.844857899399324
-0.1304314312555593 -3.935296141106515
0.7039627417455698 -4.109793321459804
-1.1733813750183093 -9.771117535753675
-0.8890802960923457 1.0844946918759484
-1.078677761645594 -8.711088493802702
-4.640606685347478 3.5291378479417213
2.598342657567101 -6.568800561176079
-4.178259085069399 -7.459281500350949
-6.3681889578841435 -2.6019600939037026
1.414568694851695 -3.024448101551045
-4.4325840290344445 -1.3394639578224794
-1.4055312338552146 -0.7904904607859736
0.14013789334833793 -3.03316789574144
0.24313089287809875 -4.878383721323474
-2.761606858493679 -0.1412622016934841
1.0966224032103038 -8.564441942797895
-2.63370063404976 -1.2695497017092532
-3.637637601981311 -2.9749001999614992
-2.6925192498960944 -4.561731976033019
-0.9292544893888393 -5.508986340859139
-0.3037016813926959 -3.5213985378887256
1.7615263915740222 -4.256768614332766
-1.447500650806774 -5.988877554242127
-7.638452174854024 -2.037833210952423
-1.4660346925783192 -2.6375791980204797
1.751188721630839 -3.727625850229715
-3.282654117263903 -2.226787881601457
-6.073585166266312 1.0606221012365753
1.9978538087208755 -4.153425060227869
-2.2868474451111926 -0.3479872896547499
-2.2400629316834264 -5.512558890570095
0.5848510338992834 -4.315189635689475
-3.485973546284868 -1.7513381671784856
-1.3422405121143872 1.7843690052590748
-0.37099623833113093 -4.952813081210684
2.3166571601294232 -7.55869118560948
0.6307068455040505 -3.3571742984876236
2.554480212330304 -6.296258233010139
-9.611149579788133 -0.197947062585691
-4.649685922123211 -3.327159286451306
-1.3076881401285907 -4.28900767020923
-0.11925361956065242 -2.069251894610057
0.8768523963542801 -2.7296140976510244
-3.4696716558908354 -8.204455648802956
3.4551356845416015 -3.97709963557399
-0.6783431875660856 -6.282584539506718
0.9791294343148985 -6.260146171934915
-11.140075982263284 -6.88998358643359
0.9108059384193152 -3.4663686751740044
-3.574105697936133 -3.4925113402542114
2.7771429492986632 -6.855169461504856
-1.609696282649495 -4.121192668610919
-1.9969125968479635 -1.7618116277727849
-3.700719952243844 -1.0474717384932
-3.8305318704097004 -5.059681693640391
-1.0602200156135528 -3.5108190403174317
-2.977328342065974 -1.9394661494918275
-6.1884869758710295 -0.09206404367087045
-0.7964107942051019 -4.019719796510914
-1.3396105109819563 -0.8803375366562594
-2.874582271402901 -2.559839243908181
-1.8460842589469313 -1.5894398964525764
-6.380786005987446 2.271108210937912
-1.189975261194562 -3.590493801919818
0.4183232843910782 -11.059190036883766
-0.045209336390058995 -5.627607936064513
-4.271473559400704 -3.9598724771342866
-1.3045387907215518 -2.727846352221291
1.3446183437864216 -1.945711602017155
5.144740160540464 -8.711395540414559
0.5677963409169842 -6.983517462266772
-2.3336336257066965 -9.42665565339213
-2.0731305512739913 -1.9106505814264103
-2.579980067743279 -2.7187737233061826
-5.627977006175996 1.7711298793830412
-0.0659784214107478 -4.967698751993083
-3.7604927150862584 -0.7867476217247259
-3.950243544780449 -5.456307650050036
-1.3697075471998807 -7.43601253821747
-9.366671540011126 -3.544538637162665
-0.8553164993454347 -3.647829494906232
-2.637479931930628 -3.1754128774053427
1.4051573479729877 -1.3549509099325985
1.8824492493827587 -4.13593482906524
1.91076427610605 -1.4694526281893232
-4.763724612091721 -7.363700263340979
-1.1997574002488993 -1.5342311114457445
0.9015279258744041 -0.6836171186378269
-1.4110143935486126 -5.528136477704421
-2.0522786728207483 -5.153533366741304
1.2596497632291341 -4.2000788840313925
0.3010804786054557 -5.747376430467989
2.8603463273526724 -2.7000081292055813
-0.3214099486683473 -6.895415140251729
2.1026048903287764 -1.8954155009381697
-1.4251135525657905 -5.424145132731671
-0.7041878621531911 -6.6537290444080215
-2.4523252162431537 -3.51338923982556
-5.610182947290085 -2.898942064704009
-4.082185329782092 -3.9875633667571675
-5.8184394907794115 -3.2011932555842257
-0.6807381485209734 -5.75466856975055
-0.5197893937438497 -6.639672726688951
1.876094593045621 -1.3077638378464862
1.5842116822462198 -3.4284410572853723
-1.2797938167672247 -2.750145297968268
-3.3602342683902577 -5.903634322381291
-0.5152631588085518 -5.2733587058145215
1.1694264384232294 0.607222967587648
-0.41977898980148654 -2.565201829030651
-0.24433576682446323 -3.489086191486392
0.19531701333620763 -7.295578947135506
0.47050238648084475 -3.0362496616265546
-4.683839384185248 0.34230000784260645
1.3939193350278736 -4.9095615665817505
-2.959235575813665 -4.167541860683455
-1.8266105043504983 -2.9554100547686772
0.9976074721542855 -6.367328124950952
0.8688327762076536 -5.888837042004299
-2.1338863865309894 -2.327318970053209
1.4892903354759706 -5.127259126304157
-0.2854379450116659 -4.854129661737056
-2.521454704723411 -0.9698795180977049
2.3141360509360136 -7.327143346482139
1.6957247290658866 -3.4643833194441185
-2.1876948795327285 -1.1166551622061731
-2.0613510207070225 -5.0421371660650065
0.8708381076356768 -6.69626707451082
-1.658167985199896 -1.3323104229766678
0.8694653718617353 -2.9084961763629638
-2.2612863769246734 -6.303873264927942
0.9352907645006208 -5.93642473170346
-2.4858852289266626 -1.7573910186729957
-1.0608872997295156 -1.6600224450610044
1.6818061918613263 -6.362459324749514
-0.42363905273211383 -8.064982182634429
-0.47089217782490844 -8.662982087343005
-2.55365303091891 -5.131010131117897
2.848851726913195 -6.967792847218588
-4.6963736737328645 -4.9031828458097255
-2.454370505139622 -5.249100374622802
0.6364884181131594 -6.52736992114989
0.33777555868043346 -6.242376945504646
-1.204667463031925 -0.923380140610561
-3.7346614058080125 -1.966307866708279
-4.793905897210834 0.009904049345617848
-2.9309572606930208 3.0335258790765267
-3.4782795391308103 -3.2885264706621693
3.1823097904038056 -7.786085606799274
-3.501286506251575 -3.1397265701279067
-0.9978887477170989 -5.570090254161426
0.34425052386667654 -2.2531102383506485
-4.394723990221991 -4.747086096430696
-8.729462815937325 1.6452641360198295
-0.9758504259718002 -8.287049967351134
-1.2044718597987585 -3.2726038970178313
-3.124748414389686 -6.081162192626191
-1.692682079307048 -4.870279716089469
2.0695417347873635 -1.9921654960153448
-2.4962268010586404 -1.6567045178135922
-3.18056344627847 -1.1215052410271094
0.2142065933377208 -4.545038793296616
-1.0215018778474279 -5.581719522112672
-1.523937766171088 -3.3273646044903646
-2.4315112979777926 -2.163757373777963
1.0278193332400458 -4.615887993139048
-0.8348413749317135 -5.088083278155528
2.8259086546462835 -6.269950747159225
-0.8817570226575671 -2.7078961801366486
-2.334636337884874 -4.15550298983844
-4.671670852268036 -2.9333718310571677
-1.944334112270227 -2.5318796600716986
-2.854476057537511 -4.494647490688786
-2.9352440935301733 -5.06653926854436
-1.6035418406641218 -7.221519677993652
-3.8578411081999633 -2.5671701320248443
-4.776504742537199 -4.26208184963427
-1.200153721844885 -2.071340006704801
-3.370500729664258 0.22489378856966333
0.4284644932912721 -3.9992890846179328
-2.9443415848735417 -2.959520631885311
-0.5718347189045266 -4.192387660880281
2.239509895934702 -5.289321869334383
-6.906607912984683 -0.031734166936744405
-7.4364898258831715 -2.4984271120097254
-0.27508622558868084 -6.650016369183802
-2.514233398922969 -0.917360968268913
1.7863251467300638 -6.377936417646052
-3.491442746209814 -4.681617129864486
-2.1055772102567123 -1.4854053313229512
-1.2492217691590783 -3.853519959807157
-4.9332487899782365 -3.4335224921854084
-2.546919315797411 -4.384978137736503
-2.3572466463459425 -3.4028899647484843
-1.6010878879679642 -5.898619188569744
-6.673985078132091 -1.3035222858124038
-4.872703862030633 -5.018647870470412
-0.5707527123259697 -1.7546398788622601
-4.30854963269843 2.244882332445095
1.7249464836535249 -5.013656014527719
-6.222846373267629 -4.499496990161953
-1.9786458465453767 -3.5915521812210707
-2.7959330025986024 -1.6794791826947717
-1.1154271280755386 -5.453409766747284
-0.03246227326235429 -1.0401717862409463
2.897023222095299 -5.382601841085929
-2.472807400831542 -6.670656339259913
1.3306205378107585 -1.483281070825666
-2.4197290069469664 -5.4778909865492205
-0.6358092546605437 -4.780162897692426
1.9203818157827037 -4.699508869848228
1.750144273865231 1.550529694986978
-0.13393316099728791 -0.5571285747539126
2.2011417056582294 -1.041846348199407
-0.7437703214652063 -6.177094924147213
-0.7266095511866274 -0.8018459728739465
-0.6968525364285801 -5.428781191567555
1.673560198764093 -10.435587713900134
-1.7735022435090149 -1.6709779809991385
-2.306891104401729 -4.777855593039425
-1.0002089061149493 -5.280030313710601
-1.2433401655655847 -2.427792772555788
-6.659944105232171 -0.6712195582416053
0.6123573919971785 -2.3169479438241316
1.4142114949802358 -3.676577905437591
0.6563834666142437 -0.6873993719291384
-1.5391882509589867 -0.36995505942484724
2.0015581604919808 -3.8508057473067026
-1.6964774131942169 -0.4810361282624404
0.27790569774134577 -5.382674080164269
-2.9940377368493505 -1.443328663806243
3.35521429164666 -5.502104687417316
-3.0039050989305456 -3.3968684036950405
-1.4292625931631027 -6.50075491694811
-2.171825858116691 -0.2960107054945496
-2.6949725603042514 -7.4090949318023265
-0.7838282555958503 -5.537923596743495
-1.829629240059902 -4.079848173788693
-5.549223077425211 0.4878339756709044
0.5598195164626811 -0.6873470746113762
-2.9073445350640132 -5.429239134068495
4.099741694382445 -8.735903992299876
-3.2026231793302746 -1.5240712352975625
-4.455753532456072 -4.769206765627554
-0.10361830764614474 -8.736705367671822
-2.798234196081481 -3.9679289326749
-2.107281002770009 -6.717240936184566
-3.465560965279821 -6.2562283347787515
0.6216230179010434 -3.0781405746036685
-0.9076131638128121 -9.086616027306299
-0.9606035475027005 -1.530789579375098
-1.0701309544405153 -1.4390376322051512
-1.9303278236364325 -7.05077171951367
-3.594675877085493 -1.15242775433862
-3.9138860198217746 -7.411054770259186
-2.186572842379761 -3.888920206046038
-2.447424831618847 0.7024291984277807
2.288133936906092 -3.580975271469248
-4.967920038678727 -3.974996857282887
0.29464028557592276 -5.3097765679610545
-0.05697521602064663 -3.7545818360669996
-2.302673859484003 -4.501875003566821
-0.10695589595853536 -2.4747269443661954
-2.231122598610455 -2.100803735888014
-2.974357744404785 -5.831825708894136
0.8678655302674225 -4.518344452570631
1.7118268926488294 -4.095447513177186
-3.975858894920123 -4.669387083322336
2.073564753757764 -8.170468323845087
-1.3191038844251186 -5.73249134117739
-1.28276752813504 -0.4848120455891337
-1.8277936568526916 -0.6864220004278333
1.911752471334807 -7.106142827106076
-0.16127492678207087 -1.011140177485483
3.5177591487514226 -5.472075546480929
-2.0492458595295777 -7.995774504624094
2.2090090398077105 -2.988780939983458
-1.4425539624145363 -6.66414341348795
-5.169308130849245 -4.528595905688544
1.449606961566388 -5.035475520566133
-0.9697288248453478 -4.065005523422109
-1.8773997122316506 -0.15892684872390098
-0.17319632574518143 -3.495140152153846
-1.93238429281449 -0.8612714647529596
-6.85043242183346 -0.9901160807617633
-3.1731041345874758 -2.4924346627057723
-3.432122104568322 -3.714185975113231
1.3700336413524774 -0.2774556986570914
1.3381196451121151 -5.14439570706321
-1.8435860737948533 -3.7075407746361075
-2.7409643084616993 -4.139288557892083
-4.066687123778209 -1.7095361991080162
1.9036227087792095 -1.7376652905732768
2.540642736969203 -8.026396616241485
-2.9104134467399096 -4.53659493612103
2.3329688107676243 -5.349828102344533
-3.059877465885194 -5.409614561370082
-0.47996835501960816 -6.391404590979641
-1.6669560255308942 -0.5517670737713188
-1.8789069865867565 -0.7231820482564282
3.888316973933228 -7.069409527526554
2.2826918804170897 -4.600193776110481
-1.5780903689517207 -7.012653417901785
-3.8501464671511916 -1.1172760459124456
-2.983100236528799 -6.04375960503343
-3.6844450701280924 -1.729691431388198
-3.973390124960105 -4.498005892643578
2.422027677519991 -4.543479680050302
-1.0694317872896737 -2.305891684949982
-2.292885661073982 -4.514762236803907
-0.7771406324152826 1.3684384088008152
-9.5775081057443 -1.5871648885928216
0.13139233787386181 -3.293715902981929
-1.9656523007949152 -2.3779818659019902
-1.8254785376789902 -0.32579715080402
2.565326686015737 -4.264065611596767
-4.213629627685108 -3.3345816543510587
1.5471229362305077 -6.1331843069055765
3.154222734083958 -6.726186187253403
1.9640159991905075 -5.308246019202392
-2.383023602108722 -7.09066871318015
-1.1517176401056735 -4.590465840999796
-5.566263863633111 -7.094282381692132
-2.974358899455951 -6.101038839100563
-4.141770564205046 -3.5176855131341997
-3.2628527748315017 -6.299768502914545
2.0699597608597875 -3.3750266319951563
0.11195179306079657 -6.011619022813844
-3.327971285077766 -5.963288291871987
-2.0773178952300104 -2.442509834396779
2.9322692300120106 -6.4150088742596285
-2.9435668198978115 -5.815329152259353
-9.33814598384862 -5.882613633762106
-5.588260043479551 -9.081435763400783
2.4991788170361096 -9.231119800531559
-0.4056102452309892 -4.981654346962439
-7.605632805981685 -6.796942591948356
-2.9936540596455647 -1.7081199723476623
-3.3619297766342844 -5.626339909559095
-0.5605507938302028 -5.718210108545673
-1.4729084472442229 -5.306552250533804
-1.6304979109555835 -6.114656090400933
-0.06003223399807245 -6.3446603177597005
-2.5381449234096327 -4.139814875470859
-2.8112347432038693 -1.4110699728554814
-4.012968415677761 -4.996257853045591
-1.733538602838522 -5.6525920586691
-2.8624135906767236 -7.087215128467513
-2.518602727622707 -3.6176050500882613
1.7605033697183494 -3.7667868392399524
2.716329547507015 -0.6144188070775453
-2.8248218431752155 -2.796128392153815
0.36249863786609604 -2.7607081355671577
0.09442628695845176 -2.772833017450216
-1.5110580713102313 -1.602887447951743
-1.1356559473973822 -0.6160922796328672
2.2079722190575657 -7.645345446767486
-1.562473143671625 -5.321269919972654
1.3882493811507994 -2.150699439382628
0.82640213749309 -3.264565316604386
-0.21956577163172178 -3.649926552638911
1.8119029420713553 -4.847381578123311
-1.7322910262649176 -4.6939881496454205
0.7365514934054711 -7.052223295898784
-3.3101426742660895 -3.029573970040266
-2.0622986261997633 -8.252899817801406
1.716341935603452 -4.906615058600794
0.7902786455478285 -5.82349453242534
-2.3221635896533006 -2.5240997269118535
-2.9449868370541172 -2.4150863429195946
0.29659369681135644 -5.818811008341126
-5.926511753512983 -4.975046906657461
-3.0573906260489143 -1.2712946986969136
-2.517883146438735 -5.245002782205805
2.9697880450676584 -8.645954151973218
-4.177037068163955 -7.884988365843395
-2.2051991774194453 -4.0452603647644425
-1.1665191511038704 -2.491814773777053
-0.45032496960394075 -4.972482376593992
0.6768144832225569 -5.25642438467808
1.1406214672895625 -3.2714120727672626
-0.4055508240767696 -7.983176915066075
-2.1439209087823348 -2.4751091923945125
1.3869212702371096 -1.3152946545251283
-1.6023834367100283 -2.5998411445296603
0.6140316481815372 -4.726314280317418
1.6270840210115405 -0.5321256853637005
-0.1146789931070066 -4.397333539387444
-0.32067510073473243 -2.6201475656793654
0.3575410687464278 -2.8933202769463375
0.22765799584513463 -3.1105949117292573
-0.8196084089551054 -8.270024253906316
-3.002734490181055 -5.100288709456932
-0.2539363337792227 -3.3706563217044083
0.1720656420207828 -5.0743112016181255
2.2780745490465075 -5.620063290694815
0.3787006611801897 -3.774044207946531
-1.8710753165791378 -5.894716233710115
1.1379048504896043 -1.7978869144388296
-3.40468031495432 -7.955931506602416
0.07035960732083839 -0.6214381596349676
-2.847773077375479 -5.317050328580575
-1.5201440359824265 -0.5925799268808193
-2.2478112443220373 -5.64818751379502
-1.9508881336793709 -4.115722041731952
-0.08641164466459408 -4.16469257495024
-1.1630609170776158 -2.6707962616189334
-2.4128591715228827 -1.8166059425931214
-1.2934848376744275 -5.834283171321572
-4.532061114153038 -7.328422712238931
-3.608840660024967 -1.1121009859963331
-3.1165553031353572 -2.146643897541537
-12.125459767316812 -1.0598324080867065
-6.378790524568231 -3.5144140168048357
0.33591432764269735 -2.3563859671329475
0.8353602031796605 -5.107131464979736
1.1494035720627376 -5.938910801146323
-0.979331604931119 -5.671610975652252
0.6775342044527258 -6.750336580280992
-0.1354280775007626 -2.8905828775037987
-1.308240666604718 -1.6063661824218796
1.4545404526895704 -6.1096154133992275
-0.3998449866049332 -3.588160245913704
-4.282864618193813 -2.9618580218496176
-1.9788447194919319 -7.4095262535668045
-0.7668699920504313 -6.4624375913363945
-2.992209508978036 -3.3927990299420587
-4.009839355465047 -4.321487826036769
1.9314446153622236 -3.823058794873918
-0.001028800028266322 -8.478221579646624
-3.6467420787484746 -8.296985504453051
-0.9088717255938267 -6.530149158973093
1.3179619064232067 -6.4114392788034875
3.105193861296498 -4.790507423008991
2.4874534934120756 -7.241234935622288
1.4088336983668763 -0.8099671966002361
2.302478845244607 -4.2619179005802
-3.154983586373547 -1.8711975352850976
-0.8006014451851089 -2.2263773944223675
0.5353131548666704 -6.401840797945515
-0.6114518854225398 -6.842080176417092
-0.10206349680073884 -6.287201889372758
2.5119312433741348 -6.329358591750542
1.1192685615881852 -5.084023355470881
-2.3372840896005305 -0.27078837002954226
-3.1539757798828423 0.14278264994170833
2.922493388414451 -5.396965598858977
-3.2756935738866706 2.608061319256885
0.879824292248102 -2.1663526997547096
-0.002969601313282313 -1.004302969741677
-3.009632702738671 -1.3640101481856348
0.14981275893256885 -4.583750635602623
1.251304830669056 -5.273385660177951
-2.831780542168247 -6.4888432344908
2.715852793981468 -4.044320165341601
-12.120698744929811 1.32676041971516
-4.139449551670879 -3.7926355527735662
1.643184221288521 -5.002657518586245
-4.648161153552252 -1.3903566106830942
-3.5267517619104045 -4.216668447655241
-2.9712663403085178 -0.7988724766951011
3.9470115867441664 -8.26908751888804
-2.7597747103946664 -1.8446561202037244
-0.7981231024807162 -4.722489636534967
-2.4600536196448393 -3.769084972616409
-0.12843846496755917 -3.8122528971987157
3.445687552183343 -6.906987959195201
-3.09203599406159 -4.691304575960064
-2.704707533620607 -1.1011918669614231
-0.6704059999389361 -5.559158278602838
0.6916996329113938 -4.993315545776001
0.8528458171621759 -1.0620363918363263
-0.9305267209054195 -4.0508249831629755
-2.911775152313098 -5.2159695759423945
-3.2676284858243894 -3.0510419655108953
1.7281267977829056 -3.017095706283515
-4.332833701347724 -7.708959556148709
1.4307947029959105 -3.78219063027478
-10.247993192477253 -1.6556216626864724
-2.1427405403713213 -6.264132253464359
-5.657435459116996 0.7688874834615058
-3.1152845327575425 -5.129758566690187
-2.688627102056515 -1.9102751903395456
1.689625749319759 -6.82395726190081
0.5507587110820249 -2.7932660510906278
-1.6028719301228593 -5.704552010137318
2.4118772310366543 -1.5912370801372024
0.5191882073827395 -4.783035055475956
-1.8918646460335116 -2.018422222044281
0.11582180772153047 -5.112103756115499
-1.003794074122752 -3.156976849876593
0.2007878839691696 -2.1800536613678494
0.11385218832772596 -2.9219785475688704
-0.927280886029877 -0.01867891910578492
2.0340625598685014 -3.4110948588496193
0.7005385127438896 -4.858394997122985
-0.9179079355803171 -2.0603225721395537
-3.8173274804851194 -2.8469352544024176
1.4128147839240903 -5.121606900617
2.362191410419725 -0.7058016108722595
-2.5095286389973244 -3.246065724441166
0.2698315379259381 -6.534124946641944
-0.27322180266685375 -1.4077478444402396
0.4176031665483884 -0.930970698362738
-4.3483515748885395 3.1064085331511704
-1.3672590951436665 -3.4267669198847632
-2.9959897784728047 -5.178110200595728
-3.271169257935455 -4.590231320299701
-0.861912380903704 -3.828875715829751
3.8107805687648404 -7.667605143894716
-2.0234062798376447 -7.441963705222887
-1.8954075336754388 -1.5028119706633134
-2.6669128531242454 -2.1492266776622126
0.5592326877774807 -4.960182468090252
1.761009885935763 -2.931280593883172
-2.5950423222411563 -0.6321328322062275
-0.30175345275294807 -5.19867961362131
-0.7312082101478129 -2.9940486423363897
-2.4087629126956362 -6.4889319127653176
-4.701303890293204 -7.154878208483905
-3.6221909761362387 -3.1397397742574014
-3.149297776634072 -1.4723953291575445
0.8257213467892793 -1.6673114490558727
-1.660239727137011 -3.794069259984703
0.7145852613739261 -5.0846643674079015
-11.869245014185722 -0.2116095248994727
4.2236663293327 -6.430837830746725
-2.354416723738581 -5.589158859162419
-2.068581348504836 -5.75400494345045
-2.1344037131676292 -4.190966803255845
1.2510264646881235 -1.3686324032352266
3.726947229880664 1.153672951130449
2.474408679763243 -2.5000724546351365
-0.5981780564070369 -4.293682673783808
1.6741243567484214 -2.916171066635366
-1.641516063568091 -4.434311922337352
-2.464609908960455 -3.1120712173158
2.222431372461045 -4.317504042549842
-3.0981168405261745 -2.746517805334707
-0.9761542668051819 -3.1089798502690376
1.1918418346770348 -4.147710336472762
-2.1717577052342425 -3.7054659374854326
1.1350116557285042 -8.304083157085987
1.117794572483191 -3.823674727345619
-2.296514893032495 -4.044559122801514
3.974314932971637 -5.747330592358435
1.275317058320638 -3.0841084282851448
-3.5853399532346093 -4.611902750005798
1.2043029219128834 0.3589556384746996
-1.0872597815740765 -7.117256043469706
-0.8400911702750452 -6.019894739977042
1.8153976294233014 -4.206219164022921
-4.31249844641178 -5.180206982747707
-2.570963555530867 -4.489414094170611
0.49842380369825845 -2.6924603554833224
-0.6042254100311204 -1.6775949788419227
-3.5295676631079544 -5.328493874176039
-3.1684806753311396 -2.764391156716395
-3.3809771300372526 -6.663642834317807
0.40318635232240685 -4.8260246505553495
-3.679657208785145 -2.5830069409598364
-3.045060414207143 -4.643355664681809
-0.9089622417661621 -3.872127736490818
1.101068314090639 -4.441674442096966
-0.1897918704418663 -0.8196764992380786
-2.4916675055415145 -3.257839101252166
-2.803290799938893 -9.35625956461075
0.07189926221863567 -6.8156684540966905
-1.0956441451845795 -3.9020592812198402
-5.328020730527058 -4.810388343132598
-2.4225781474615933 -3.8735756034090643
0.7897704731654326 -3.6685475424710656
-2.7237964748394323 2.7162868468345165
-3.134902831275696 -1.1204060853129356
-12.462358854834918 -1.4144285763616884
-4.012211665459716 -6.374294948568141
3.3699370451536614 -9.666434107407806
-1.1278126350848656 -5.010951518633367
-3.0999821118342514 -6.165805245559217
0.7615808769827619 -6.138433521478088
-1.1589421152251451 -3.0112445306211315
-3.9440859640808985 -7.291628961710409
-2.6153809742321816 -2.1028672158185837
-0.18237190189650268 -3.1409759123754943
1.271951773610183 -5.228761041615394
-2.2034639363237436 -3.290744070149393
2.1063737693705202 -2.313512440227161
-1.9673717199175518 1.0825667153553804
-4.086733144001528 -5.6922305032771865
-1.4128229689216316 -5.766262910532924
-2.2789322931924123 -7.8252814056269715
1.8428300648931777 -5.555602344537771
-1.47883764364741 -5.897555355363249
-2.1811256907433436 -4.014292637436224
2.621546527748833 -5.255667470604626
-0.5263103983672441 -1.6423025861599942
-3.7997600992500797 -3.3589153893100656
-2.8245755509157395 -5.421049449007921
1.7037358370597526 -6.770187688021271
-3.0669014151189917 -2.6008832693159003
-1.9692005355498172 -4.988259919004878
-4.136489371550297 -5.067485434623643
-9.340265475843864 1.7540810713617738
-2.3822245397422255 -2.7373204577810615
-1.1544377961332093 -4.439136707876164
-2.2218434499610002 -5.176421023045369
-1.3652391840803664 -7.205089501239648
-2.5276805325802205 -3.937215628597404
-0.24134077154157327 -7.336634762040864
1.202025144431587 -6.928745352860403
0.61649280340427 -1.542595521757503
0.21833437390129923 -2.5684911984276524
0.2587234467359562 -3.5569055486713164
-3.387131267574603 1.7911556786565839
-5.895064920990109 -0.604457846968979
-1.6855874890975149 -1.6746015724923047
-4.5175164613286825 -4.5211622194126395
-4.055969481047569 -4.448833960299903
-2.1120467284063555 -2.733894995499578
1.9055207880907115 -0.23654696829706046
-0.661209688207251 -2.2508054204359285
-8.374034483480827 -0.24944113289533026
-4.019292496957746 -4.099577464310029
-2.379771465683675 -5.201141244276283
-3.286206958382096 -4.5174757697243795
2.221997883467011 -6.542152580399221
-2.0115012675514383 -5.394566387107066
-1.5270304104344352 -4.737831382570161
-3.838843305928194 -0.8587030671565284
1.3550494190521927 -5.50745350406905
-2.895147982076893 -1.3202387299225282
-1.1386278012022049 -4.32936542187584
-1.6522161086811455 -2.733225456392416
-3.2996387718675497 -4.269207343962892
-3.254324987771881 -2.394995027088091
-0.6377247420754493 -5.332739311889152
0.9867553491496176 -2.471956798886682
-1.5176293475178544 -9.345059596119727
-1.0609260193117227 -3.96670939194461
1.418850834442167 -2.882132297941087
-2.0241508957106054 -0.7871711843684075
1.4468077190432775 -3.8702836637945484
-0.4268567230169967 -2.488609612149899
-1.6508715322735985 -0.4445629483790942
0.22430072955260907 -6.209708206799734
0.5003786910560276 -3.281131610160031
-2.967415081203115 -3.024693077652441
-0.5320569265201275 -0.9654797681606536
-2.3257974847758907 -0.49433334759987446
-6.614280430145655 -4.800960252727067
-4.273867189239041 -3.8036809967952934
-4.665290086171211 0.41352316426912805
-2.1622779889067663 -0.4571609056425045
0.7998490597547339 -4.893909342037415
-2.1017034906929273 -5.005854054502035
-1.7961770508634207 1.197881950789481
1.9526809032726213 -0.5214237423831719
3.211860806239044 -8.617185645396047
-1.1072264660380997 -0.8438208248678876
-1.4671367210379178 -4.1683718484999766
1.082717470627173 -4.4507702891197525
2.363126757833469 -5.668620313487211
-3.2440871154211104 -6.413914289874884
-1.387153488105128 -3.5454548096055953
-3.6933947931298983 -7.649833330225438
-0.859828179629915 -5.160113530421588
1.8217257957911095 -5.780643973185454
2.5836896387581154 -4.174308829607296
-1.5623564048396903 -3.7558826020565776
-2.241803649026139 -6.604389147980546
-3.1391607070574286 -0.5187143140013257
-1.3044775238917201 -3.375601221985733
1.0384951869486652 -0.6452516207570971
2.9748691718225606 -7.698242579730351
-2.0123483916058977 -3.8585496416757836
0.41484608065901735 -3.966279812542856
1.0227377895368897 -6.8628890350382505
-4.807687418411518 2.402053050048564
-1.9356773418319622 -5.493205951694188
-3.605996561280009 -1.3229133928462085
-0.20363175391756308 -3.4987470506077143
-8.753904514007246 -0.8900719846512967
-3.84533282113074 -3.2314643199774435
2.7451170279828707 -4.599060100774057
-2.123200485657492 -6.216269716428516
1.5962443925428142 -1.5450590881076467
-2.960136158577584 -6.48192652834543
2.968150652442616 -6.214655096287085
0.8450896655762957 0.6332529489896073
-5.159713098935356 -8.525020327146043
1.151878454118474 -4.43616100166629
-2.9333719978268253 -1.7411739806980289
0.033877971397103204 -6.38677189827613
-1.7009764977124893 -6.21641487036355
-3.539327728510941 0.7640650794168533
3.9538490057449276 -7.300010262108313
-3.3581238569038026 -2.046390791312668
-3.4813496985783705 0.5705736578785799
2.6465187250757216 -5.010268680030063
1.537035113635468 -3.387508515555448
-2.060728871503756 -6.5775200025564455
1.0776337338569557 -0.8742277565210916
-0.24440913430011357 -0.9333938057371268
0.43693906922827286 -4.823504183985716
-1.945323495805326 -5.775369397977734
1.0328017772636282 -7.828803449410877
0.9411853195047251 -3.6994246554106676
-2.8354224268003354 -5.324543708472317
1.3801815201368721 -2.177286384638856
-2.682582959671706 -1.0291026691286882
-0.2731631626620018 -4.003360440809186
-0.35488325306330665 -5.080142274394659
1.4858214482007663 -1.2370811446672656
2.130586198214615 -2.6061286766519403
0.5505569678856542 -1.1606287335496022
0.960099572008502 -5.107158797238661
1.4771972610212594 -1.5511807189576974
2.214450165260131 -7.751110342211991
-0.17660596365585982 -2.027566411555775
1.6331512439293898 -0.9609017374342663
-2.4948189558013785 -1.397387182562797
-3.6919851617298463 -4.198887491479247
0.2944776711277936 -3.6207783378066436
-1.3310162855386527 -0.33455894650616225
-2.9812795985186686 -2.466781334277469
-11.85501451715075 -5.582979727475845
-0.5079271654348932 -3.5069773502719768
-2.9732179438077684 -6.5579240936739795
-3.02584800106763 1.712147218699063
-0.7836699236438567 -3.798484894214968
-0.04610507992984543 -3.6235870236807983
-3.7466091772166834 -5.596600939184437
-1.9971073248630096 -3.85984763490576
-3.6502879876216667 -5.175973202737461
-2.721253646024366 -3.8564660904101515
4.545995009612738 -8.979337112011917
-2.2388884658308545 -6.495528885020438
0.1571496820709364 -4.460516344369277
-0.7768046453477813 -5.1555172081194796
3.0697623197344504 -0.7650967173447736
0.48045533795716666 -1.055076200201975
-0.8601150666489448 -1.6467806447573852
0.03289540026508983 -1.2938916574155648
-3.2293543179040403 -2.3728450634224516
-3.619768678589694 -4.318705367840778
0.7871355942335039 -7.539452318144622
0.6301519610936306 -8.533898248704805
2.893766717861026 -6.946449525407521
1.9331271047047376 -4.171105328791634
-3.451737877918845 -5.67405810664549
-5.354539291019464 -2.7521460714581014
-4.0723670957412 -1.764241495081686
-4.473918870374391 -0.2343158337393983
-1.443253382042528 -4.812125723381441
0.5887115352898459 -2.824103403475192
-0.7539075524327506 -4.779853006536379
-0.14074275325624835 -5.807628889864419
-2.9227503152835372 -4.509237495916962
3.555513314022831 -7.826241787615812
0.9176726180957356 0.7674945706110685
-1.9348648235304329 -7.54621984043046
0.5931443685405349 -5.235833331705941
1.2806595100887246 -3.998314117025407
-2.1782458742709427 -8.103090628400318
-0.7698392865726907 -4.882910870456596
-2.7095038975861603 -5.704150423771943
-4.961184849772579 -2.557953389378595
-3.879479968897911 -0.947454412310036
-1.3382884665027324 -1.0244968241932675
-0.3826167939333522 -4.4375811332801645
2.620500876746603 -7.347529226237175
-0.3601572480888967 -2.808357367737361
-3.3069292965723776 -6.818923578104247
-3.6784275002581386 -8.221638229400096
-1.6952367546707454 -4.060360281720052
-2.0228664310124462 -3.332444862944026
-3.9377007017584593 -3.7312533132776813
-1.102605477740312 -4.526683261851528
-4.20172490568936 -5.681696040137681
-1.7405567095440806 -3.113508436666181
0.14358454734343667 -5.597257611976511
0.7669269901189459 -2.3730767425317234
-0.9804777090884761 -5.085865369814241
-4.916167528149259 -4.6272744184199635
-4.883102446107998 -2.1575663770349283
-3.525245032609079 -6.194233707150879
2.2943662513448393 -6.2178352620504524
2.030898757061208 -5.3631351873042625
-1.6053066079706328 -2.7000841167620853
-2.72258781409461 -4.602968059694994
-3.3341167087321684 -9.261800967898123
4.080443050172647 -5.661894103492318
-3.4920004612821605 -2.581987867624776
0.12061335948133882 -4.613138449735488
-9.792709070314473 -8.236718308379219
-1.960327052087138 -2.9896872928410914
-4.485765065240329 -6.299879672738261
-0.1212987919281125 -6.042122147228031
0.8731130109627253 -3.8310769768828097
-1.6834748463363385 -0.6981827503308004
-2.899905143042489 -5.807789876990532
-0.6741903946831801 -4.486020550714416
-3.958393145524028 -4.248553945550886
2.462161015037281 -1.8100272781384688
-3.5447580291467635 -2.024151493958171
-1.7443517278365877 -4.220608914343099
-5.201904393409492 -0.30070578462047726
0.802915577120103 -1.0619897071240165
-1.4056213649400324 -2.615884397643482
-0.4220080363932374 -6.627043556644782
2.2158429567742526 -2.2007710181724436
-4.795542506881731 -6.906441773234391
-1.13589268766566 -6.611828831296264
1.3041704275878057 -4.773759585906653
1.9539721887067567 -0.7090138067796123
-2.012472236398097 -2.1700900279612823
-2.4277096014237864 -6.406767232875236
0.35154302214836214 -0.6584445487105208
-0.1988887968433636 -4.034437730045831
0.3291153617812764 -7.375356182933512
-1.7919624280988562 -5.845884190173864
0.9605472609006817 -7.481001420345939
-4.2945579170066 -0.36838433691746714
-1.5779895453533617 -6.776191174637278
-3.507866495231923 -2.779469916403825
1.3563228579816093 -1.2996800843388128
1.1790734092063242 -5.252101545008533
-0.8527495435561722 -1.9700695078683645
-0.8391431573659819 -5.09390949446331
3.6246185395363417 -6.963564103211379
2.394727868644267 -2.176499529065622
-0.8268039410950084 -4.818629505097175
-2.6502820488332053 -3.4399935894361398
-2.7872994409641056 -2.046124770188036
-1.7835532991998666 -6.08742563630883
-2.864764557372709 -4.35510216387147
-1.8160037573355798 -4.0186559346357535
0.29187214419225355 -4.116825840575552
-3.6804640312499832 -0.853403006137064
-1.483447762241838 -3.7596976058188774
-0.5034413707995928 -1.6903716197540635
-5.833571380062338 -3.919843041175387
0.3045330137610019 -2.289935058206226
-1.2331287565405664 -6.790908749728024
-2.5240817677314316 -5.366436677080513
2.1873812419706122 -4.895005263862829
0.5592120670083883 -2.3541401833584668
1.5992234192623436 -4.938504441468029
-2.441703501201417 -0.45594039202546377
-0.7160100823035835 -0.8560194878461929
-0.17719981031126572 0.6296541332907416
-1.0075231080843712 -8.823741390839752
0.5165056557405868 -4.640566698240572
-2.3735670081652533 -1.9388908221745778
-1.1134907917238341 -0.6754920509069855
-1.9128083836985472 1.4921727301982288
-2.4861249220773236 -3.0972182875207404
0.8037620985703734 -2.9324969505082725
-2.294749424139639 -6.071647271647489
-1.7532576476000234 -3.1710696119561486
-2.5721465528451977 -6.743454579649765
-5.790684466573367 -7.292524877280197
-0.2522909590005757 -2.287071482336392
1.8036472757696622 -2.477917614902793
1.4406894004341946 -6.061544596036977
-0.38466934018897836 -6.052780599126366
-8.471421654187225 -0.16788133457100804
-6.323628221091212 0.2925035403472001
-0.32170549587638714 -5.499441881236922
-3.222069755086196 -3.266578321622822
-3.5395713911654387 -4.753175860687929
-0.11893113648574216 -3.7511520845487043
-0.27308754829923104 -4.688849652097636
-4.099778325189249 -1.6507355036814735
1.7109815920832852 -5.241898389148363
-0.6041498944781981 -0.2888220808574244
1.9579268519809427 -1.516189683618322
-4.269061151177297 -3.9787120003629735
-3.8235167366167246 -3.4747447229613084
0.4823750663174445 -6.052694381590608
1.5441709119237284 -3.0642907412834863
-2.613834736154161 0.6197753225495702
-2.403454131560054 -5.247212594658642
2.4082900095123843 -8.068389082177546
-3.7481635560680933 -2.10544559760347
0.2266130248180925 -5.625643489153805
-1.6835953228575424 -3.312806454131993
2.8648986633968 -8.016868199057825
-5.98963961095221 -4.08842114819006
-0.24446415577371305 -7.394463566113193
-5.543149315505133 0.20318680019160434
-1.5427631773459045 -5.579956631670918
1.2436590966515975 -2.5279502820770325
1.2891345389487578 -3.0986607966290673
1.570093413846521 -3.4219065025505717
-3.1715232551441237 -6.216438590451656
-0.42324807390058145 -0.2486434867357628
0.5576665315967368 -2.018377837388441
-3.872363698658163 1.1618882410529772
-0.4631281338482867 -2.1400762398513837
3.8208797768568696 -7.305273621431141
-0.3869329516259374 -3.71981686268345
-6.531520934522902 -2.1275058362162214
-2.081074659482582 -5.511503514233745
1.4555605125927822 -5.277970597325549
0.08597952415635685 -5.285617608452789
3.38857511672154 -5.633643632405422
2.3863456166530876 -5.302132900948756
-4.450626254781639 -3.9952549091535228
-1.4867970475709176 -7.234850273335833
-3.0045319718521175 -2.9595278976599078
-0.22492385393844969 -3.100558628084212
-1.4936749310407864 -4.810880829119494
-0.6956763134784302 -0.579737220230583
-0.9158636053712007 -4.655234895241987
-5.944315819892395 -8.180221676773948
-4.117945683464782 -3.7422352520953552
1.4596314333257392 -3.1185983049975374
-3.6518876669972973 -2.777570664504522
-2.450789137043316 -5.211487594857567
-0.6848448652760768 -5.596797538609201
-2.545964547241639 -0.8026036315139506
-1.1144009551475738 -1.8369698298184347
0.3975213595684003 -5.664516603852067
-1.3681436797447906 -8.172471545597459
0.8372882063714254 -5.9479983505439264
-0.10367361703166035 -4.886435761762514
-0.3132020749987279 -6.7381444240487
2.2810897985614664 -8.785116472368033
-0.8320828343037906 -3.637952863582336
0.2539564722941061 -6.235569261640613
-2.031986008777395 -6.0271225107707975
1.0916994476790758 0.9674669014872865
-3.1860925148805426 -3.7512968212587983
-1.422329130425823 -2.025791156939308
-2.1308158644988002 -4.331608661322967
1.3390452417869763 -3.6357168857579993
-2.0735276758791916 -2.1472286926902853
-4.039069263136227 -3.1506550288644264
-0.2328496073236013 -5.358717571479158
0.675375103496037 -4.7964322200159115
-0.7162012625680919 -0.4295731986619965
-1.819636849468495 -5.163076133445735
-1.1839145245264722 -8.40989078987378
1.3871336882100986 -5.075771764749946
-0.7012002509991649 -3.122292025358132
-7.331929900079345 -3.9505806519439464
-5.297238219599251 -0.4892667543904593
-0.18407334837532155 -6.073058192985188
-3.3653406482194588 -4.848292240602527
2.160747351227968 -0.45054042142853223
-0.92258266990973 -3.323817736617937
-2.45436344249049 -1.4155812783450172
-5.11913606532309 -0.4884144576035542
-6.801432322982123 -6.1843601426526105
-1.4283204891736152 -3.6519399357429223
-6.500898188411583 -3.4787895606771775
-6.473156271615807 -7.084327097750544
-6.720623731766281 -0.32197809175012343
-1.0235612424125269 -3.141800260044413
-4.81799077625665 -5.684795928312078
-1.6074579321543188 -2.360396038020587
0.06628916495544897 -6.078745676697316
1.4559342835287616 -4.813702536407798
-0.7247769772113914 -4.455691020229387
0.3810516171736246 -7.71422629286718
-1.2281589361542307 -8.693058266988263
-3.40019817333824 -2.384607680224073
0.6605281828022808 -7.106183875073092
0.686278308142732 -4.826973340228848
0.32483428814701587 -8.384852135304145
-2.3183266434010226 -0.4540105053810906
-1.2856242183101192 0.5207823588941579
-0.665060118794955 -1.708323509735211
-3.982465308663294 -1.8588370309116284
1.021513460672821 -2.900158449269961
-2.1716764578147836 -3.1656261592909685
-0.41553499127110194 -1.2823665109243196
-4.011265516368198 -2.835510557677444
1.572554801265738 -4.959409781785587
0.8127341449668674 -4.960198184974086
-2.1319784812039306 -6.847702741197469
-2.928437215667032 -3.3821479171035604
-1.57043046962356 -6.360586921526352
-0.06560828202316353 -7.874112733746249
-0.9077362783642547 -3.0521212753532896
1.25168066011129 -7.851835654012462
-0.9766628039304811 -8.677228718305392
-2.503254763047011 -4.833875212943437
1.302379026999048 -2.793587605692634
1.5023366600814962 -11.380285183046475
3.9770541164614452 -5.8656580230569775
0.9216100726270461 -4.392926016090678
-1.4504542773607771 -4.241775317653405
1.3295228037346756 -2.661823127555169
1.321716771727224 -5.3105159383002745
-1.0074843421090525 -2.889997617209737
-1.1385190109080985 -2.1936079016821095
1.5598553270575046 -6.14647796400133
2.5885410371504625 -6.325730458118447
2.7070042475703238 -4.732530247264284
-7.292094682979297 -2.0114240427447734
-0.43863255503849574 -7.509493222950655
3.023941974737112 -5.488748484683776
-1.2479321949036977 -6.22082978888676
0.6199464057559251 -1.5880717929386237
1.5739929767324548 -6.126033619169169
0.6455324260628139 -1.2810673856733363
-2.909345630992974 -7.943808899867115
-2.364963668977524 -4.3528719998287455
-0.22941588068724197 -5.794530133515022
1.9739175770698973 -3.7897161161362543
-2.2393484142089055 -5.41207736664232
0.13342237239478966 -2.354839150680909
-0.8378547675800125 -4.766128299565853
-1.4594043675728448 -8.351696434550318
0.010647190977777672 -5.377735846422692
-2.5829206030038994 -6.900744680276277
0.2601890639280097 -2.593395137823936
3.1005764958056536 -7.347939812534307
1.5708547598194538 -7.0377046954592855
-5.844342155400625 -2.6427240114901145
-0.41128956629064883 -6.279203047497681
3.8653259476859736 -6.274698370449593
0.1916509889827858 -6.523924697503752
-0.2881227383539772 -3.0891358453169366
-1.6400027677132416 -3.3935341185820556
1.5678757053638885 -4.634213098659651
0.9349718649467456 -4.3403114081032825
0.8553780707334506 -3.4077038206300583
-3.2364882258271033 -6.152883683784668
-3.87396222850532 -1.7676986690782346
4.041922409317792 -7.799903401694795
-3.0838082106576654 0.8710778862068647
-0.7821097732207823 -5.611050350047961
-0.02129422687778546 0.07188583858827599
-1.648607131683008 -7.770029573333891
-2.695168687827363 -6.800920809038037
1.0445879472360668 -5.342730999853569
-1.1991307178433748 -3.597842233037506
2.880381901361431 -5.122713226088215
-2.4799016183880562 -6.673987826771764
-4.3275266001572135 -6.52950600717573
0.1664564241945638 -7.06393119204013
0.30690768383047345 -3.08288103470087
-1.0911477341437466 -1.860950143191482
0.8143953206758564 -1.674324498210205
0.26206242491967624 -5.342106223466024
-5.562380261503449 1.7610732267522173
0.8353511389600639 -2.626324665533171
-1.0460665187910088 -7.935139208946876
-2.008720359397018 -4.915249283820496
2.286820521634439 -2.92195965999469
-0.06496177106639374 -1.8381789366391676
2.2667634492723603 -4.881302019208931
1.2306146870884187 -1.5656200861489011
1.2205499748940833 -3.929095282144872
1.0299934098743215 -1.0840929728438744
2.443415724698652 -4.827052663459531
-1.2156092475858888 -3.849146351799985
-0.9070577753185065 -1.460722168127352
-4.097473469347065 -2.4257121461804534
0.0054781869121139585 -5.768113497702179
1.732895798689085 -8.211938684727397
-4.378788306398803 -0.7615908539716956
-0.3350688212257895 -0.4618270113278973
-3.3017204602181356 -2.121544771987519
-1.2686621285187132 -3.6170670541157612
1.1927836370358018 -5.3813198150898
-1.5165460045824946 -4.831220655283125
0.7705653136831494 -4.890085142754409
2.285802409467421 -3.8971309753645658
2.06521250634141 -5.498639238273117
-3.2120358793790023 0.6310540406730424
-0.0856469347532001 -6.162866916508084
-3.7075915520023845 -4.313293350383521
1.2553824100667437 -5.153713280986497
-1.6413470746918652 -4.382812724530098
-1.2111104918925837 -2.120955499379984
1.2136449491802064 -5.341207855125793
-1.9702100380065564 -4.860348165113773
-1.1591439332132443 -0.8641131239232654
1.6490291176119025 -3.7441345116443077
-2.3691578772701978 -3.6933815727839705
-2.0633535601586184 -5.797071548244212
-1.943873650070302 -4.0379797815692156
-2.9726747413114514 -1.9395908424543729
-0.23960063925619612 0.322453969262549
-1.7544511095337474 -7.639826235812415
2.2126699013718247 -9.955018787754517
-5.955081102777967 -4.751559723602766
-3.5285213125000188 3.0073261792265145
-3.785654615670694 -6.432134696285863
-4.0997515508109785 -4.534447196046736
1.2319197724224433 -0.6925036569822827
2.5375062257016046 -9.087831675118947
-1.2627617784062157 0.48885784123455
-3.2375744064143537 -2.971779163361767
-1.3521394004065574 -3.9230344407804334
-1.6137620967384552 -2.704455661972461
-5.144207106249951 0.7123595820988555
-3.52848935911608 -2.63918449685373
0.4016521435765835 -6.850910722986107
2.558817512884573 -7.909361894074087
-0.5682565897284638 -0.652079811975896
-3.759185960770836 -3.3016355903319585
0.8964843767493982 0.7465629594490926
-1.0193837578213878 -4.222490739983019
-2.5353918675427995 -0.6628607007102831
1.667790110310832 -7.890874466429574
-0.8569090220564707 -7.659436822413859
0.07890516482512952 -7.357396329484288
-4.063506377587331 -7.682633216131802
-0.5712804549986433 -4.675014312727453
-5.230603558828747 -6.461572689661582
-0.9269201976476042 -1.290872663795923
-1.523812028635149 -2.8693936028671017
-2.61654340071614 -2.8014498872019518
-0.3136179557809843 -0.6446901139580751
-2.142415664259531 -3.5772214256470147
0.5429451471919006 -3.509289539111186
-2.2099412720830576 -4.392158977942135
0.3234085811865267 -0.4689288182500261
1.698186235213242 -6.7505472686509185
0.8237477823822698 -3.035632821423244
1.0726456740855066 -3.2589048846670816
-1.0422397532483392 -2.823823667962343
-1.256963103582351 -4.577644908674745
1.9932283681196732 -4.2349136972365375
-0.3607266851392982 -4.129842772043945
-4.26305914422008 -6.1129762791840445
2.5910634046280157 -6.4791537781330115
-0.6358258328038466 -8.804805098549922
-3.2966128770279686 0.32881823759206985
-0.8245851027659373 -5.901617637633679
-2.235011874475376 -2.812624360451678
1.3457906527154644 -1.2412304946018053
-0.7340268591295858 -3.1069268603274205
-1.2549436070692228 -4.931831412043262
-5.8132502573524505 -3.036880955929248
-5.302283818153327 -2.5887405562317363
-3.85123796790586 -1.983933624524106
-2.1062511769045362 -2.341730441194531
-6.113316928376008 -1.9455370483648977
0.3609100996122689 -2.4521155252171707
-3.8193133356738542 -1.2418275477512715
-2.3604575633324605 -3.283202778799282
-1.2572023103949312 -7.668007661106914
-3.015271699874575 -3.0916070702939393
-1.0791388174329204 -6.209556402445971
-2.009548847507134 -0.9956476198451898
-1.9593142453402241 -1.7338628513344867
2.714951908769705 -8.164740878452104
-0.480473271624135 -5.008780881824281
-1.4565116123712447 -6.395622646333395
0.4435805704634668 -5.800274308195502
2.300286368191365 -1.9283974048108297
5.1017774278854375 -6.93625043757417
-1.5291240860353246 -4.461471610949376
-4.189169538980394 -2.9219817733825333
0.3912599468147843 -0.921715099937008
-1.1518057151977816 -3.914779586614699
-3.783624497987845 -2.029171345369128
-4.070160506604012 -0.0760868541488907
-0.6261000450677873 -9.105157391771145
-0.5454192078051395 -2.6216519998680363
-0.5889392233520004 -1.5305393762726216
0.1728475870734907 -0.279552775620396
0.6015651143176509 -1.6646431250157094
0.27479763274486363 -1.343660531169033
0.2356672754988545 -4.158730534014281
1.5696571277743623 -2.744544983823424
-0.846947375318749 -1.61459709724861
-0.8412417234353458 -6.931718803999658
-0.7905872526840912 0.2915868639217405
-1.727766435408271 -8.058544178844004
0.5159302704616093 -4.675717121656865
2.6745405188215576 -6.338680320760712
-1.3577505501345262 -4.921544194692424
-1.5832356482441274 -2.6988017777720974
-2.997147164293765 -5.020933155193753
-0.14566132999858927 -3.578733184057434
0.3881185011014448 -2.913963242693339
-4.653741454269763 -8.238152709881222
-0.43164197404797794 1.3740410841192219
1.9634604178620088 -0.5749640070612638
1.9126723269433792 -2.4485779005748
-2.6421861395018316 -6.515892323053868
1.3349869449772593 -5.482250705747557
-1.2341263674766483 -5.610233098744917
2.3254792435185716 -4.318077541743828
2.348669001662542 -4.778216259553872
-2.2806881901047267 -4.861067967490398
-1.8636557824826954 -3.0236516345777513
-2.8350449792746564 -2.1185862490152134
2.9792646009436785 -2.738340434708357
1.0095465697510655 -7.253475741551238
-3.2022909674722517 -3.7822655850563613
0.035218762279867595 -2.2932310974597008
0.8734654522033618 -2.18929506673735
-2.863565520915032 0.6100024378056247
1.1041826736431086 -5.608945511805045
-2.866835441857049 -4.688938180583191
2.500829903151938 -7.7296015196737535
-2.767825812906452 -5.606245130520748
-2.4468849708440965 -2.8720092909048187
-1.9268497232989152 -3.2828936964090465
-4.083838600399389 -7.25331690601071
-2.9390510501947493 0.185592328649426
0.6573730408359204 -5.394192238186121
-0.6581018488222987 -1.8937259623895966
1.4128448591073233 -5.172974740622377
1.6706714305385755 -4.953665936682163
-3.5480698933021277 -3.476593139796899
-3.0198265378800078 -5.930896620063288
0.5820459428189788 -4.285544984828279
-1.2705395479404165 -2.69531564868496
-2.346997538115389 -0.6899228147649076
1.589092327330746 -4.541042658864027
-1.5390172998674818 -5.399499018286948
2.5572133953879606 -6.257299784088676
1.6064739950181341 -1.3942765451278298
-4.944867510593184 0.28119910643041873
-0.7791221826014413 -5.082136276322464
-0.731987691986888 -0.7795988755488809
-3.5914186048291303 -2.662413606624671
0.5502341715288985 -3.0332654624540067
-1.87325499342704 -4.119050508475678
-4.159268855545392 -7.135092381804301
-3.9656329355697157 -7.641584009256711
-4.667522774489882 -4.464802444178586
1.9018606044394342 -3.985562613325628
-2.239363190657415 -4.566242944722831
0.5957991435199396 -7.455809155882778
-0.34073213062234264 -4.787343648629176
-0.36226019608597 -5.511003655986535
-2.009675777884454 -4.534340482867906
-1.1580720454631295 -3.465047044237401
-2.1031750262583278 -2.423929018414587
-3.000958220948022 -0.7579466935589644
-0.7649489731917786 -0.8784240581645214
-2.1502829150392566 -6.927844120251961
-2.5754629354412946 -1.1697074098944154
-3.901597028846723 -1.9077495501887927
-2.844446079077287 -1.737511394113481
-4.421168965073704 -1.6086462636692351
0.13124394552478655 -5.707431845719402
-0.052188427488872285 -1.8765349345076423
-1.6042573236898368 -6.60433765306375
-0.888775111379289 -7.309422159186863
-0.7915368698423326 -3.6057525842927105
-1.3472729456367323 -4.824736842889623
-2.1799624526472745 0.377597510645618
-4.212797238682938 0.9216813076146325
0.13555037083180754 -4.261694326626779
-0.18512826011550523 -5.722495686880093
-2.8553266978814524 -5.015664812609327
-1.536206086408129 -4.423918952240056
2.2551821079250933 -5.1643048347158675
0.5044440459709558 -2.968337293581979
-3.0984711898920243 -3.345250909403281
-4.119757770332896 -3.4132405681400146
-5.64762206034429 -6.4260741294250865
-2.710902834426307 -3.9264190240633905
3.243976704078846 -10.655065640503718
-3.9468917360227924 0.6492441361574806
-1.2605184932503595 -3.6193956700791183
-0.48035922794296976 -3.5962908523933823
-5.069019311058284 -3.9895099054098924
-1.2820723018123066 -5.95055130337817
-6.16030738523142 2.6435053571218687
0.3876648372696107 -2.003507658445393
-5.812515576939944 0.2894463664349781
-0.8646839969461558 -1.668906827980491
1.4540736731429997 -5.354483723921954
-0.6838076521340357 -3.0479245546715474
0.6881805762244533 -5.977467985428159
-3.7733548779996653 -2.9266889002265986
-1.035611024787983 -3.5556266492941018
-1.1126239704548486 -2.072283226396078
1.7777720700262871 -3.6163501520827275
-2.81174629435553 2.354825075947089
-3.025804290430742 -3.576390218497086
-3.3130341806497516 -4.041883565147981
0.44258722983238324 -4.670136985775392
-3.7000090318244223 -2.2607693652000282
-5.613949615478106 -4.572049162055169
-3.6047082905348167 -2.9946682635737205
-0.8083126465141394 -3.9768828839238934
-2.5146290785329346 -2.5241070561030163
-3.2648532290408956 -5.2123755443677275
3.224709282484653 -6.937391670197278
3.0618622157483477 -8.894037653007812
0.2543844260714106 -6.843383676177318
-2.949001983964181 -3.073857533003999
-2.033000910174096 -1.813753634414285
-5.343722317082452 0.7489178240946366
0.5342831760248995 -6.476167960410555
-2.79573484126415 -5.971633575386754
-0.0348787397648071 -2.35432550149785
2.3006873005169264 -6.507557027533062
-3.5378187239682863 2.25248271562246
0.9878095155606695 -9.13018888273636
0.32139241593222284 -4.734664806635756
-0.3876453741682301 -5.739186355035264
0.420159925132793 0.5206097219325961
-0.40494020428026567 -2.5667483133898865
-0.35349448844355924 -2.4053037956164727
-4.01424439176877 -5.108990246964056
-2.5891503785793053 -4.122528618128272
-0.6958181589187127 0.7847736160007006
0.05901215382665687 -4.776468824405321
-4.196503457357878 -4.794426722252827
-4.333414334325866 -4.483256578215261
1.6159776489193116 -3.2077862377847772
-1.2911205247849584 -5.432015273518593
0.615673626329652 -5.485623500753426
-0.32640775613755607 -1.6931341970770502
-0.28653365850848933 -8.96993960152718
1.2571934611607243 -1.3950061922764034
-2.126245038963845 -1.7210752347783604
-4.076495882918238 -1.3789248325952161
0.12326266785935011 -6.085678408590563
-3.872168469072776 -0.28189957810486127
-1.1295807515185747 -4.806721460157833
1.9984014186995718 -1.3308340262901053
0.3828243135917258 -3.80926889792132
0.8731688277521379 -1.513575304180642
1.6429884285003165 1.6403843177652075
0.27684356717296027 -1.5013267612294092
-1.5640572189461328 -6.9782166909948495
1.4628843770872062 -3.130772119375336
-4.345646446285642 0.47619995425749767
1.1723738195712623 -5.230249516531621
-3.4619487729763283 -0.5651877941106216
2.107354547876042 -3.67288734072102
-1.1477232678149678 -2.864572317918905
-8.760072498073853 -3.645244048459452
0.08729379482554099 -3.818373313330118
-4.4218461609055595 -1.0977260084103782
0.9721713017629835 -5.991419919856052
-4.645647554216467 -3.826663583806116
-5.861027486767853 -6.864392350863548
-2.886729370691996 -6.806722608665794
-3.3288969597062708 -7.121718980989552
-2.043576665059263 -1.7799929100547587
-1.3440431333382326 -3.6560845853253485
-0.21487775624605404 -1.1593559261211956
-3.7253261019021133 -7.652572636268586
-2.5306793975978654 -7.261903533475574
0.012509071384072843 -4.821787103065823
-0.22256181194534053 -6.387694008714321
0.07452593412794713 -6.253520945294385
0.26917758157730937 -7.020607068511325
1.7059069677820697 -5.875378527879931
-3.257596107237845 -2.476159656993389
0.0846494376531975 -2.1572489134004504
-4.654503470439039 1.801920219878154
-0.8628808976958029 -0.6828895957336056
-1.5128030693585122 -0.2756267894416093
-4.52590379820704 -3.2116459263798
-0.14626534212423853 -4.757105891668851
-3.287212677374626 -5.8663488472209115
-6.054193493374868 -3.2797262961240734
-0.2060492818465181 -1.1322569150171826
1.8776686464274797 -6.531587310457266
-1.3549005237525198 -5.004637347697588
1.9833426655378044 -3.2795642516456716
-0.884762591123675 -4.821087795488219
-8.951432239784992 0.7324816450207453
-2.56638040842104 -3.298169607701648
0.7202427398809302 -3.722121654111461
1.3702668401460865 -2.610350429952805
-2.0168520000343055 -0.3852714706267291
-1.2196856125736706 -5.806170518125319
-3.448876879055249 -0.48397818417415794
-2.128258889879206 -4.856928815815241
-0.26340067599582595 -5.6804688584769645
-1.846181600516403 -5.439949523796814
-1.1829844871939916 -4.307579035120098
-1.5561074803347315 2.3452194582426724
-0.6803841278273242 -0.3529635170488163
-0.8012508728274388 -4.862439004079982
-3.942657786289758 -4.677828025801193
-0.3914740069052985 -6.478192294390661
-0.03055713914433577 -5.712160675697974
-2.360652006670336 -3.2628628498160905
-4.228256130071259 -4.856797126484637
-3.168704106716533 -1.810900655453012
-3.0986252724325287 -1.105506304693418
-4.728389453997991 -4.128024228222007
1.13078155031944 -0.7750595974885833
1.8752053374324753 -4.894634426661299
-2.2267358556344736 -4.924639914899744
-2.8170535730627084 -6.68726626852489
-4.151307729152606 -3.3143297464275467
-2.29785039716289 1.3125085482938441
-2.514077501137621 -5.599636532465827
-2.521472488760765 -7.2033847644963895
-1.0017203210903465 -5.780485126988993
