-3.0419112638835206 -0.834671322815306
-1.2106971733487488 -6.818556747041196
1.1845240708865528 -7.230012582093594
0.31365536880124945 -5.6796757159964795
1.2059865807252514 -1.4415109870986709
0.36483980539793454 -0.9679000621808618
1.2094447448234429 -6.213097113034883
0.5442983736063802 -8.31336735310782
1.3857194118465226 -11.393895170507012
0.40796229111352006 -1.1074175496388765
1.256132503487009 1.497669617534712
0.8045348351117948 -5.72346381353985
2.2852432818769723 -2.5093111889820654
-2.7248033771023334 -5.67219026154739
0.7461791664393896 -4.554008175487793
-1.0124347830817588 -5.966128149591753
-1.9395197845906016 -4.356203911440717
-0.4951124189051941 -3.7898053123834297
1.0736029273452767 -0.9250478699349758
-3.407139749812757 -5.836774710814237
-2.714752374165727 -5.88173522109438
2.741806562450946 -6.034753862511243
1.738933459026995 -2.6237810263424026
-2.1602188597977663 -6.4814198207295215
2.4621935051918475 -7.531219563492997
-3.140911743294325 -3.0328452677964144
0.48567465382910713 -5.68952153320847
-2.86819471705789 -2.8339218471467724
-0.8331838614114991 -2.9177654615328463
-5.779029569483271 0.14998364231020386
3.572773527047004 -5.5603356219021265
-3.578404384743536 -0.23304934164680485
1.093223619287556 -4.65385438809906
-2.168727557263481 -2.1917482236667545
-1.321227009343659 -1.7029221719569374
-6.602681968438148 -2.1706113589295057
0.2293418319929824 -3.423906457235145
-1.5868141403973939 -3.2656676357890038
1.104174785778525 -5.387822249037009
-0.7608127466127574 -3.0723705686209763
2.4886213031809628 -2.897577857465576
1.5822303729802338 -4.917453822347384
-0.946976670665109 -7.389007376604759
-1.8123713667872328 -5.867140634921117
-1.5497257456669051 -7.3374010808386085
-0.005964569915292663 -0.09948723278978823
-1.820313637956858 -4.417441648231369
-1.5944017128734917 -0.9012009759029281
0.421268700581137 -1.9435103930575828
-2.7309579794429912 -3.661968945523446
-2.7601753862640384 -6.6079398483787655
-3.1246021054975732 -5.840735326422973
-0.9534397793142663 -2.8822570914585053
1.8408712656370478 -5.387413518500716
-6.944237763356384 -1.9934489128093564
-1.243972047204153 -3.996764108358945
-2.406684915033694 -5.266004313242494
-4.622979391575285 -5.314412402047392
-6.74656205643663 -2.0690679433931223
-1.9863472778709341 -3.9159331831441544
2.0443946216133346 -6.1210992526173476
-1.3516270568292161 -4.6809531657017995
-0.4085829029918248 -0.749752087176505
-4.430682453913079 -4.890700715722635
-1.372352214060499 -3.908553626528407
-1.9151275299833377 -1.0178634350712614
-1.9730139374036644 -6.3892716251223
-2.1790700275072656 -2.2085236228260308
-3.639433714186055 -3.1088047162037378
-2.8540151148952337 -6.109914189334882
0.25391731364977915 -0.3945664444830155
-1.7138388254043095 -6.312771617536012
-0.3467902717879532 -3.0515578341337415
2.4590761040279707 -6.689347662766862
-2.1658940128332778 -4.717477254510565
-3.7089426698990597 -5.731580669604162
-5.119280835293324 -4.031840420866029
-4.46435020973189 -6.98293337252904
1.1225637007470506 -3.413763092586464
0.9761210352774576 -4.09013161599918
-0.6976153913900023 -4.236087656303133
-2.329516592698852 -3.9540520600833458
-2.5285515135067134 -6.66666589831842
-3.673814524276495 -4.347500263250097
-5.2392354118833 -0.8306980598571397
0.3390642129055402 -6.097550624679403
1.6803740416673345 -7.689429613492677
-1.7457708370276355 -4.002789539404798
0.5365970409609979 -5.370417387600493
-1.220824320647282 -7.943189685861883
-0.11681798251393659 -6.31411105054684
0.5931145482112182 -3.9976003171379233
0.5783451262697661 -5.670888248251054
0.6954577386171359 -4.168151587136865
1.7129781973075489 -6.080060601572295
-2.077471515063309 -6.547362469077472
0.12638728608395358 -4.417194438113289
-1.4920204767392282 -7.286457927724818
-3.783806561578715 -3.060791674949443
-1.5432928817755571 -6.202327162107428
-0.7511107458171157 -4.4687671782780995
-0.6165831053834698 -6.187562323723794
-3.306096843767023 -4.801098701805382
1.01406324493071 -4.733425451886853
-0.4627408593709108 -4.859621225322909
-1.1595792015999113 -4.951061085115036
-5.315096560172691 -5.261462807979109
-0.9298665025170155 -4.283035186357736
-6.650099113636884 -2.389138901416469
-6.000005633383751 -0.3286403129296551
1.2788046173124594 -3.261242060206192
-0.7546137586071782 -3.8618796293578024
-1.710180528768021 -2.566565702375134
-2.583051058232741 -6.804444074257031
-1.704819229816565 0.35409032425432285
0.8314644123483952 -9.245121693038595
-3.1057450013012162 -7.001200619911579
-5.504299792100639 0.2891840855970898
2.053621025925892 -6.777528065974018
-1.7507646056618005 -0.987870728713304
-0.8961921407184409 -2.4472297669382788
1.6213989283144907 -4.192603228318718
-5.578772400120599 -1.3086317293007101
-2.327512636581361 -2.5432906534827744
0.04330121075392372 -6.018876906357625
0.05631197400825235 -2.681198776731406
-0.6149822908341069 -3.9040956413047
-7.802969964815873 -1.9927092707708616
-2.2493772797140683 -4.150227278651975
-1.0391531877580324 -4.763435621759045
-1.5216651016576184 -2.338670604725506
0.23653273470360095 -4.271059077853209
1.6457779534011645 -0.48787081780981995
0.12314314954943416 -1.983093749428004
-3.7676417706862115 1.1534108213423897
0.6874782290715725 -5.329272263976832
-7.168173321591794 2.2490925031193165
-1.2254753416112014 -3.7432281445957774
-4.206555461490055 -4.880992767310013
0.5986531215072113 -5.6369935846221395
-2.007715163498944 -0.8783144225023021
-3.3645194716491607 -3.1563566804087153
-0.7614773030564098 -1.633474374052164
1.5538836790654067 -6.306591881053602
1.8790534442576639 -6.16494710163497
3.008166044773844 -5.587711505685725
-3.7498789811820505 -0.007035753142141713
1.8778076781878066 -1.508817774418211
1.2776454364509386 -3.8193257977374806
1.5776407465999533 -6.405696271937865
-1.9700594289879665 -4.099153822994575
1.8261632348135628 -2.585846757983242
-2.321407367949377 -2.162770439087613
2.150093939715006 -4.020437040997046
-4.030010392197511 -5.964993215478889
-3.7260367715265947 -4.8958939741360785
-1.9672209027472438 -7.658728877351606
-0.3540581211076562 -5.52398946227598
-1.3132674871822876 -3.506030418106059
-7.341317840715774 -6.079402930746367
-0.4800352103835199 -5.168768883189544
-0.3579379589577633 -6.892579048504051
-3.139530225102036 -1.7637942066925167
-0.8652187830815313 -0.734312953578257
0.37128931563225315 -5.541713048370293
4.423939828042136 -7.494323625872462
1.2697841340809781 -6.625610994876489
0.797210119490202 -3.0816333691150906
-2.8417098822490634 -0.15318015049094566
2.101242137985806 -7.233231698433609
-1.4504153580077035 0.4595250680225635
-2.392092355085737 -5.461464218525874
0.14480032643150725 -8.035321436029104
2.5006033100005847 -5.376657680797075
2.257063161843944 -2.5396704700747588
1.7033382090936438 -1.1927816111938916
-5.882052051388683 -1.5809395097829346
-1.730415430746021 -1.808213128479028
-3.008296710154554 -7.758912153237679
-3.2697947595181494 -5.0232557046462905
-3.2479564061045214 -7.760995796808426
1.63412829813582 -2.5333459605624813
-2.1214409033394195 -1.0627241201832267
3.1789753597610964 -7.065889738076344
-0.8347642934225382 -4.748079407915804
-3.976307846846425 -3.3253747055844234
1.3320660556566248 -5.02776961408049
-3.387224792204422 -7.291801399639813
1.7841020166074053 -5.429164749045306
1.1773119116380708 -6.7118736020179055
-0.32607711249708915 -7.654605808886708
-1.262497410456462 -5.682626979579683
-2.9234664322927846 -5.153570540581753
2.8863325977894894 -5.638037324074562
-6.4454741180668265 -0.9916488515648207
-1.3665723574689397 -4.049136721392171
-2.4442219423334994 0.3548904373219578
-3.0531163402933577 -0.08290329032934236
-0.6431830104638298 -1.6414946494531233
-0.27288252103117866 -6.713868625198724
-1.8798654529685739 -6.3753730867540845
-1.0202624885326945 -4.925932385281369
2.9324491765674443 1.1098008474946206
-0.15237764675112 -3.98996220147714
-2.7593304131148106 -2.3757974784942184
1.7530504767702264 -0.20907912000593185
-2.349577736865158 -1.5861572877577075
0.5317793836781131 -5.0832274505976995
-3.266522477591835 -2.496013538814585
-2.481953330493156 -2.7532999921270247
-0.3656212504736662 -5.809981407706555
2.414112481385913 -4.661540536834054
0.018684274142102778 -7.31558003427005
2.0099285058989973 -0.5603565581530998
0.4427147256080982 -3.875884306716336
2.7303452567366686 -10.082249986678642
-0.7354018191669669 -1.7240555757053027
-1.5226825491332228 -7.917833777392568
-2.04622166799949 -1.1339144523584286
0.4982827332771358 -8.098687788241381
-2.633404350019561 -3.9719822797451747
3.056212790223625 -7.496006099747778
-3.6512288830774366 -4.400631025196795
-2.1344683797987902 -3.2688926832562686
0.8030023330754116 -7.62487175730979
0.12386966240286745 -4.469067195711781
-1.54166572937163 -1.0835963592397375
3.215658586354322 -8.218551386288675
0.5030654142093163 -4.466630931840279
-0.7564569233604461 -2.218427491361197
-1.9474539828774202 -0.02067399780883104
-2.068644442198661 -4.05217734160673
2.333052817174788 -5.035085881079108
-2.23934430447946 -1.3370919660938665
-0.37597229019502293 -5.514035861332393
-3.540884973409306 -5.9096517284366055
-1.9418999924507436 -2.971325372326195
-3.4089336126186116 -4.972286226366196
-3.9797672405885582 1.333139551576115
-0.046179260790410716 -3.582421109827029
-1.9728993358523046 -0.5517634122252416
-3.6304255519308133 -4.261766696220564
0.29596764792395835 -7.018511983383538
-2.5144013984910036 -5.613739358329408
0.805505320132141 -5.505555405662665
-1.268459632347771 -5.220817830059824
-3.1331775293032966 3.108105223561487
-0.04853351603627255 -2.737557233050054
2.500678098996914 -6.683700522750184
2.0548577247012783 -3.8102174919471654
-3.484571253187227 -1.817927538058831
2.802632381555994 -9.16793593234965
2.2575643807574286 -4.0169675994237775
-4.338996182225316 -1.5871298593259422
1.400528974182094 -2.82991349550067
-0.008378946095163929 -1.434137687004313
-2.288526723841486 -8.841500954317352
-3.5133793203101367 -5.269866613392579
-1.3891066735886999 -5.787376729579707
1.1025579797152711 -5.888613731652279
-2.271897016729682 -7.660224709692749
-3.141171604953627 -7.346136989006732
-2.183053780273156 -5.228992374808181
1.522162899169302 -3.158154729776985
-1.4482127720007871 -4.016606495673019
1.2380049686715604 -3.1379085233254043
2.2985395578700856 -2.150188144799572
0.9015031745018969 -2.294908792652157
0.16945297203287124 -2.7837409095192376
-5.241627786581645 -4.437578400128641
-0.5160983197427387 -1.7698185789051766
-4.473611994537649 -7.59749262180834
-2.56745569381954 -1.2825768185113255
-3.4399949787751045 -3.5435581712437907
1.3407915054202273 -4.163695698225244
1.8891182986902204 -5.313761802218981
1.1210753311861192 -4.550865237966924
-3.342289834090892 -6.362810243059719
-3.9618258727376205 -0.6750426334217189
-4.747253418443606 -1.4657927577987053
1.9704961065869633 -6.3683280066962835
-1.116573335176327 -1.2675349198686447
2.230547116017348 -1.6120335175267897
-5.7421763940830175 -0.39134280286251955
-4.181351762134952 -4.808059548068411
0.5884672730491897 -0.3569652366856964
-0.35892711702166513 -4.634906397004468
-1.6836555369685728 -6.2004207635991575
-3.3532820696961925 -2.358455050394864
-0.8008098744980291 -2.6221917647264066
-1.2045726265128427 -8.423542902886416
2.1295340871052693 -3.893455474118799
2.143319343637997 -8.634462621443056
1.1232763216515589 -3.3235467629486277
2.003566682191163 -2.1830940676889146
3.090104879355251 -4.105950877103658
1.465490647845527 -4.421389163053504
0.35530556342956715 -1.8567685118226984
-2.303266880833363 -5.680085047130268
-3.722583924149689 -1.9534884701767146
-1.2474418595296162 -4.774413057629231
-4.123500958787204 -3.1580392301626437
-0.01290842129718394 -8.252307422379168
-0.2019755326667513 -3.4968039572551164
-2.7041682651258587 -5.4049659741252905
-5.14270752997524 -4.070794007565472
-0.35541935690018556 -2.194616225651418
2.5817533712437912 -2.5759717489667797
-2.0375448627234367 -2.1502031395360883
-1.0965209234399116 -3.260769685799101
-2.8661742674902375 1.4816334587206403
-0.675723320776797 -3.5805277545414493
-1.8878432364779347 -4.934861832566499
-0.5030486518524528 -6.976907887841765
-1.7369996741365274 -2.862503228506635
-0.8043135913933106 -5.282860864822996
-10.530866463495755 -2.492351618068166
-1.241232254393751 -1.0137139974938243
0.4972996045928958 -4.473704603566701
-4.118165067527698 -1.5329422280768146
-1.4380736855752334 -2.682476868537498
-6.090868992998807 -2.089483975944321
-1.7814800495692256 -0.9877405627635378
-1.0858185924931125 -6.8271179054844255
-3.8380249507543454 -1.8373210965791853
-0.0003821145764111251 -6.678174028311588
-2.1578695313824032 -1.0994480102409032
1.1870725239884332 -5.356467844569853
-2.595560244792225 -6.004390021038242
1.3225632009561532 -6.248644212462418
-5.4853198601971656 -0.948803966263101
-0.5250574391233302 -3.8472381617617493
-4.47162684252865 0.482264419594867
0.23431613626458137 -3.20576786625796
-3.2907403897830396 -5.5187597977314935
-3.6559274185350294 -3.216053614790154
-2.207062835868343 -8.014571051272524
-3.4455381266393776 0.9357445481457907
-1.0979572353217866 -3.601553744508894
-1.9588537551289282 -2.8149569435720445
0.44321661795089506 -3.1342626634231814
-0.5876641522206543 -6.4325298698783415
2.2324527945763033 -6.640794746962358
-2.3558829185468118 -3.6878242507866297
-2.293018922435039 -5.943314457327903
-2.463444943000312 -2.944018795327892
2.2261180768001902 -1.9400172659957085
-2.9197243328340368 -3.1796517890900375
1.1232950442234961 -4.869933346411871
-2.0369779195128364 -5.928596154708716
-2.1408624761018875 -3.896739984390388
2.169312459564323 -8.841585404996929
0.857416293282412 -6.2293148484102225
-0.1709923228947336 -5.056178150346084
2.0519961721241624 -4.076360723907404
-5.62778346605873 -1.269338881839868
-0.962940902189388 -6.402296741781332
-3.406616358173395 -5.020439154498485
-2.341173271327421 -1.705882687027155
-3.234410118750461 -3.8431592248484225
-0.6156310086247034 -1.5911302226933144
0.249325428868033 -1.6591004823824027
-3.3770964682915268 -3.631162125175952
0.09736816769569098 -6.358441700171142
-3.063889351510682 -4.258351632997611
0.5833010827345356 -6.2880620912061875
-2.387970831414052 -5.863663390462962
-1.2389049855876384 -2.9101837360870406
-3.435889356284236 0.08368436115387587
-0.1786813400936754 -5.212322659769944
-1.0512736808294538 -7.020557273595469
-1.1530583426004744 -6.009633922144827
-1.1825529482720614 -5.31922251427446
-3.6300674822555696 -4.472997215233414
2.118123088052939 -9.729436740118063
1.6169772748657743 -5.115602509625747
-1.2788338504563375 -3.840978989211623
0.168263953586503 -3.500801116686801
0.9962120194355745 -2.3047675112237127
-2.2282981438390554 -3.2143926903599422
0.1538889132017967 -5.136351477118718
3.460829403968204 -6.180705874695259
-2.055611229041063 1.5695666123230663
1.7539798843540093 -5.671853513223828
-1.0437185300382485 -4.812300682287911
0.21637432147693375 -4.0495929854651065
3.492914943915806 -6.647181908623764
3.2051384706264368 -6.569915728852705
2.261387587173771 -9.451629724287814
0.42904357430729995 -5.436011129448166
-2.310434540625281 -5.11951525633871
-4.141127290706578 -1.2178855559548967
1.7801321026382901 -7.258207414031881
-5.369904046961679 -3.3861762679532985
-3.1460217820970944 -3.419356365756739
-2.2695629549183 -5.045256913981047
0.9740697296703043 -3.062816559599368
-1.9820028844552557 -1.8614994028263474
1.3347285925320445 -5.94541956681745
-2.127715018568552 -3.2281706346210077
-0.8273904883626533 -4.679106640643538
1.975558025440818 -2.8919731061960556
-3.2685183698859395 -3.464665865422328
-2.139160119318348 -5.674602341945958
-4.385145292753009 -3.236878596927466
-2.339980053163146 -0.1439964633744691
-1.0626398090529539 -8.480437180619669
-6.422735146202271 0.08131959321519493
-0.4244927707368479 -3.570324589470399
-0.48082886959120735 -4.052274838342135
-1.8140390497283083 -1.5618493532945572
0.6180784874345726 -7.338649478202251
-9.45979609167756 0.5431880891312708
2.6049798956808834 -5.615445217093326
-0.5881336806385782 -4.101999262731175
-4.999344401204183 -6.2647270276779405
-0.7785888629356779 -1.6415237060552177
-1.9657927089617862 -2.818977965426155
-5.475403791097108 1.1125441341263735
1.8946980483232205 -3.0490780980613836
1.642196605274662 -0.4757750842555318
2.2802318110510944 -5.0829286526265465
-1.4496386493885043 -4.80948941630431
-2.8556696923711518 -4.02895820627561
1.2646819843613737 -3.9295813487355193
-3.188877027685763 -4.145342435568162
-2.3970050312538267 -5.744791349039412
-0.1802744543173282 -6.710225129598947
-3.223906778464056 -2.541297206736346
-1.9787016081433824 -3.9318022037390783
-1.4602730986545827 -4.342572723602743
-0.26729952373825994 -3.537056361305145
-1.9387062046920396 -4.734404639600533
-1.3021945069517786 -5.994334524205452
-0.9322582055144439 -1.2433406062077408
1.5903484547639262 -4.151906124230751
-2.951473343596675 -5.208849570197624
-0.24625140663835082 -4.198130164475555
-3.49485303856055 -0.08668204609159119
-3.2984142111658206 -5.190894611420796
5.201786654605924 -7.318136323063146
-2.6285954949240993 -1.27748094422309
-1.2412277802127252 -3.7132818434417634
-2.440397478395071 -0.1997891036422732
-2.98304504981671 -7.279756463446594
2.3921569498419752 -2.236494378846382
1.3859380773038192 -2.184722304987264
2.575390786768508 -3.650622723065438
-0.3054407998952376 -6.007148108031289
1.879088936663123 -7.295018090095513
0.9405589108446714 -8.733555084183672
1.6785373445049738 -3.944500153813353
-7.706176642146886 -8.43954935348505
0.6983559153859312 -2.001378663879899
-3.3437470647470353 -4.865233425943718
-4.49276550131826 -1.4575434349574785
1.2001532303251987 -3.8255102898118367
-4.128410379916389 -2.1638056256416847
1.8141521042185496 -5.953420461187365
-8.712529396776233 -2.922940617724386
1.628472003160311 -6.989223265875361
-2.0064882663248658 -1.7898349587831741
-0.929728504958746 -3.4579307969124877
0.9221750910910625 -3.8966854167063008
-0.7891896691631788 -4.144062085709386
-0.3418955105480709 -2.2247096674182005
-1.644243339626414 -3.5751463553821052
-1.0181146001411039 -2.760336355666485
2.5073013863235043 -4.396749228407905
0.6179699843205239 -4.694199515953405
-4.0792080754687845 -3.970944967962164
-0.06692405258233755 -6.911718976024421
0.11012172870651638 -5.785986746925913
-2.3287253842152333 -3.3640159026364027
0.5085878211659318 -4.054373182452923
-4.137942387883328 0.05342683423957724
-4.284644426739689 -5.936818916500515
2.1363323064616107 -5.928433433012058
2.0062333191468573 -7.552550566256772
0.09202133591303126 -2.3890016928971356
-0.2514150680070635 -7.332892614237728
-1.313078600318804 -3.073432126269003
-2.289518109497721 -6.084105879457427
-0.19587461603264017 -1.9495156061287002
0.16360673324734806 -6.3084958088783925
1.85255002919861 -7.192673042545867
-2.73555497996901 -5.211163079164472
-3.9804653988966128 -5.328768460927536
-2.077595434140975 -5.255713505097001
-1.6101939147183804 -8.56287983543271
0.9956335458820714 -6.461433048825551
-2.101508297895891 -8.207059605893539
3.6185905059387258 -6.93993937683603
-0.2928005421889284 -5.044603825927506
-5.125955415495639 -5.012374986751103
-1.9745188886428484 -2.2379292598909943
0.20636388007845557 -2.0007172389076753
1.202016290937649 -1.506453500258147
-1.7670822595370201 -5.857881743572202
-2.1841258077550525 -4.803649801133762
-1.2871876435003178 -2.980774425806069
0.9265778088085734 -7.420072074671538
-3.0376380785881314 -1.8208337561213082
-0.7229776685058061 -4.587486354645145
1.1362895856486115 -3.200819342247834
-2.4160822522070053 -1.7935765570623696
-1.907148071467177 -3.4852543053393528
-0.6126816212059655 -4.069692074526136
1.0341605338375497 -1.447410768894941
-1.2293633297755096 -7.03641652257577
0.027536458194546313 -5.31202165203109
-1.3954118455749982 -8.681355345283183
-0.37373589701415755 -1.3602087091512447
-1.3950288763559942 -6.123800987541019
-3.6680448630192903 -0.5158439206120347
-0.3726958996139592 -3.354943709153558
0.8263217088568943 -5.5513910346109165
-2.8060503532465337 -2.570004959796042
-1.2039351919898995 -3.178710034800332
0.31049961500430306 -6.394158665260848
1.1195538560588996 -5.360242571671728
-2.539066959844391 -3.0807351385016273
0.044642823301202575 -3.6297282037104153
-4.824271503924379 -4.763927987493783
-1.243635304675181 -5.34527496730308
1.6896992419486305 -1.2342375665925558
-0.34373419239484837 -7.092840313597811
-3.6344636467067066 -0.15433596799217217
-4.923023530588807 -4.813212370881111
3.610728435143442 -8.195394780993817
3.7013410278277226 -7.230462423867253
1.7160848543955745 -3.197412292070295
-3.508092277021632 -4.054929220076003
-0.7272740671702003 -5.994726197808937
2.067079318621281 -5.073730515311238
-3.437192688123134 -4.188357336834805
0.039504801820924806 -5.402560651306924
-0.09537766705312857 -4.878946339462736
2.3985602880749606 -1.3289713211205374
-2.182375433132919 0.8506401244065525
-6.460765890762929 -0.9311484149414931
-1.2859974052101681 -6.839568844997916
2.0973820636882716 -0.22073017129617672
1.3590274891033398 -3.1383623329963184
1.4703007445113907 -6.134257106358186
1.0682177182506218 -4.327039069916693
-0.8724883410486802 -4.109470773060781
1.7950079679103363 -8.664324551054325
-3.0491979771447437 -3.9988227327228034
0.844021186905422 -3.1471578433525327
2.9128556205329086 -7.433926530092233
-1.2343736056123906 -3.55842419464435
-3.3646553382542383 -5.086310286422703
-0.44094347458133204 -8.207860716719315
-3.205404212089022 -2.781206377770907
1.3824939149440634 -3.743533077805826
-0.6748638882996122 -2.2772734412283193
1.1255658667348594 -7.000295758065294
1.7801078062032043 -2.1513480221675363
-1.5858331374722785 -0.5027050057426892
-2.656541693163192 -5.415663354662084
0.8177723343472247 -2.204736746087844
-3.1817374467113386 -3.8617836042922598
-2.251027244318124 -2.7044213150896104
-3.8442565258449553 1.4817280882969839
0.054569612572677444 -2.0518803176426648
-1.9945095555229249 -2.476965470487883
0.8822819287068876 -11.193160218713237
1.8645559557537574 -0.6280932410093705
-1.0189354158214177 -0.6855006416991246
0.6478496540225499 -7.8237848926237445
1.3413961695754177 -6.361738508055616
0.8383556269731113 -5.892064574232154
0.31354901119586 -8.4809706016461
0.6876303484801973 -5.991978254896513
-3.0147354178993035 -5.105366375894774
2.480230638306949 -1.5686991967418618
-1.8945327672401506 -5.392130933009648
0.2691512013033439 -5.55765406278038
2.0620956425947545 -5.071915633993571
2.1384310858963 -0.8774866626335303
-0.8140915262106894 -3.1419041542052195
-2.1288467758164704 -3.5788139996916817
2.0932537538840417 -2.0605256648706236
0.9520107496250455 -3.2760905389022508
1.77305665237705 -4.434850207592544
-2.1835716984135307 -2.3209850562691443
-4.895404795970379 1.7164437265424406
1.2988482194913469 -2.338447403689143
-1.1389872218287995 -7.057999670380497
0.050035867500866325 -2.2926124186190826
-0.051034620389231476 1.2366910603935295
0.26764322578644273 -1.6274083151720584
-2.9598538846044993 -6.101517549828984
-1.2709764896658842 -2.9570337275042684
-5.068509804287288 -2.273388745329338
-2.489599803572759 -3.7457330839083633
0.9061864919264334 -7.04960604651507
2.3733656153659544 -1.0624352785724707
-4.977250030435684 -8.483030267126825
-1.3928143300638713 -8.63285057744898
0.5733476207030601 -3.79377469317523
-0.35156546439195363 -2.231177198857324
-2.528314264516482 -1.6884820702513377
1.4906867579807108 -6.933460114794909
-3.9599462482477894 -2.3776425334868434
0.28754572981172494 -2.547672947154828
-1.6838503799636446 -5.276972835854511
0.6693307181748902 -2.6536156903393224
-1.889516057829596 -3.4020745852791974
-2.680570824514547 -2.659797596155253
-1.7251214259363796 -6.645998970113111
-1.8716584168565338 -3.953289919879927
1.1041418093071935 -5.565452534838224
-0.8316535008212473 -0.8767234368391877
0.14617373871141093 -0.6989336006020513
-4.920727856074322 1.2351192901668986
-0.36723609894905046 -2.9934451612536486
-1.7856834158216235 -2.392625964879326
-5.899119092324753 -3.205681971056138
-2.2695021860101723 -2.173247616000682
-5.903811879438322 -0.64029045765286
-1.1377864948744905 -4.949498879136622
-0.37491123984521874 -6.598461532714276
2.1119528619948507 -4.8423245176718765
-3.699722125736202 -1.8755996114906106
-5.417585639520425 -1.344677959836768
-7.666497242327694 1.2506287218307133
-5.065760136423222 -4.280202026161329
1.4104532616876633 -0.3231866998685822
-7.420397556696642 -1.078428138666561
-4.628796273257393 -1.147081091079766
-0.20154159388317844 -6.032256158898541
1.721245557591913 -5.5858453811150515
-0.5685514792865692 -3.9873370271630546
-4.049533057923313 0.7819381904269367
-4.9271560921883975 -5.105335352515318
-0.11688315587220233 -7.730592522654063
-6.598297729805566 1.7916473773270896
-4.2571773567967455 -4.326262602932654
-2.9281605992501487 -3.438391946720845
1.8149916961327643 -8.63932247882105
-2.860350415041055 -7.780512938175023
-1.1865867919809008 -2.1174486413035094
-1.8371215553844995 -5.995391034131976
2.113600243179206 -1.8096010413686003
4.34489189394506 -5.145835735674516
3.8113624224784948 -6.25894320549288
1.1054025958614626 -6.748626610420903
0.39726031059573996 -2.0424187118485553
-1.9459797850451683 -2.6300610922813603
-2.095080750757803 -6.4505274857684025
2.1093389962931886 -5.605762296826422
-0.2946350875099175 -4.408373646855176
-2.6791619649948335 -2.6872034054203864
-1.3947992877749587 -1.8065861287133476
1.5434131235885356 -5.573051289153785
1.2365268815592994 -3.093665088449757
-3.1256526217901954 -3.748669222863424
-4.291111837792613 -6.368168231861703
-1.4835588317403254 -0.17695404958809
-0.36109547246353224 -4.346182156780108
0.7523549106149967 -5.065478587702975
0.20429775074327913 -6.455014557839613
1.626160956936587 -9.378430494400261
-3.6048820089806672 -3.2889089473412665
-6.164055427310785 0.748443536829754
2.1218503645474978 -2.066740105630054
-8.936474406491243 -1.3757534160893439
-0.9323093532245113 -2.1675235495308494
-1.8092904697990382 -4.214494859678702
-4.190424802994016 -4.43520791595036
-5.124965695351577 -0.749912340105509
1.5502739039092854 -5.845542448315493
0.837884646236034 -1.233145547798712
-0.9817760810495318 -4.449676575992825
-0.9677639536320587 -0.15879023219485827
-3.3787329248884252 -0.16136256034372237
-2.5223277404897577 -4.435769754507692
0.11472887093334763 -2.695616929454309
-0.9262038853972006 -7.787352562812602
2.7639776215640093 -3.51557261354491
1.1394332569203551 -2.4298193602520692
1.0696636710498946 -3.788385149119146
-4.81900662345501 -0.20755183151157577
-1.8577855193910726 -9.382703397306805
-4.398471724531547 -2.9071316649626695
-7.342320510218755 1.5543697704426727
-4.329887793758743 -0.6449935131524785
-4.545261009512899 -3.976927844605592
-1.0900231684143198 -6.678130730316305
-1.9671748140623753 -5.722272115104891
-0.319459294043853 -1.5384935686848886
0.6176168634120097 -4.110604469603475
-0.18226859643631632 -5.148116137149637
4.2068713348513285 -5.8545556612164065
1.117155941038575 -8.213492063710362
2.115738615055221 -1.773381945088913
1.4144487081218096 -0.08369640630895692
-2.5996155766953994 -3.999329399429074
0.08458734679096772 -6.3942182016488935
-2.3491179512671185 -3.650645751039013
-2.0611511762531483 -8.724048585291733
-3.1340696891852677 -3.8958422085378026
-0.24863580122412565 -2.496643006560672
-3.8977872616108162 -3.4584842138220635
-2.912898376816728 -4.056039351392153
-2.6967078393287243 -3.939474849231431
-2.7724351284721256 -2.5910754347514713
-4.709844490534451 -8.054630339032391
-4.191718754128701 -1.6358977590242072
0.5430637800696442 -3.184569483492711
-3.328152971050699 -1.9220636547025185
-3.691464536643693 -2.8582347030663984
1.5520239485216218 -8.043043555540224
-2.2945523719250933 -4.360149599328997
1.983638260746559 -6.316607755232093
-0.37388968566352826 -1.969440955149711
-3.6666892589298645 -0.3018009723728251
-0.48462563413308185 -3.204271799452908
2.1136346553873997 -2.858335315148805
-1.0208719256752237 -2.9099769050155433
-0.08640688130510954 -6.58098277287145
-1.6424074707650365 -2.8261730890693357
0.9201087006349832 -6.808826796703141
1.7336088542805463 -5.591195547023856
-1.5039318593181723 -2.0787335775305884
-1.2411060177068696 -8.973556429537945
-1.7522241163767525 -6.438184135517569
-4.265684506623998 -4.298570031192686
-0.14128689440438835 -1.599208545444592
0.694222795235802 -1.6320671139198082
0.06204098242081051 0.6963419686014116
-1.5191024747718136 -2.398918139447345
-0.1948543434124736 -0.6701648393280154
-4.771521629161043 -0.8811207040986232
-0.7496862656743849 -2.853089278102119
-0.7050163372301771 -9.839390486918768
0.47809424788704247 -1.8260467678275492
-3.704553243290207 -6.891551928206642
-3.517540942128847 -1.606767946164263
-1.1997386106639003 -1.7995087737689341
0.6521175684462002 -4.2108074116078456
2.0351247139629574 -2.399326573773804
-0.911040116838166 -4.348941046932606
-3.770852063883709 -6.854939364204491
1.0509436484191919 -5.3982834887243865
-2.1824065875186567 -6.320823625385099
-0.2853481914488616 -7.520190668731876
-2.2759409575332374 0.5433458305936075
-3.4926393371730176 -3.1142285816453397
0.4789878457707314 -3.111915223719794
3.802420985300272 -4.973251433193155
-5.535713580561804 -8.027379254321843
1.5882830126710128 -3.6054516890399477
0.07344028063195611 -4.200124114569552
-0.3104089544176821 -4.034428434614602
-4.3855055156143266 -0.8095240536033356
0.11801050026073703 -5.075815295323289
1.4273944472016489 -1.3474625930087825
-0.7089096994992024 -5.6340309422011865
-1.6741533061512686 -3.7525929682207013
-1.4974088106480683 0.5961142858805758
-1.420720861895916 -0.8717654573435129
-3.013313739703691 -2.9625395545961304
-4.338850165069616 -6.191139328924279
-2.6286936385009203 -3.6196827894016446
-2.628307759547241 -7.663720327599174
0.42587886289348326 -3.7573286949836153
-0.10771054684609356 -6.889691877057671
-1.3526399315644118 -2.4082934418090733
1.1537989181995694 -1.7730637190528806
-3.6975678493895576 -1.4428091371226022
-0.7457413806157692 -1.2215874440624295
0.11589207539409979 -4.02961738699098
-0.9793250966705219 -4.8742718191636145
-0.11127713662516277 -4.237056395577842
-5.039425595089838 1.6061037861428862
-0.9797959989068378 -4.2352232725498755
-5.7211127563601 -2.8533561023732292
-0.08011022777763849 -6.2067883950397125
-1.8185988061496376 -5.0498436403034015
-0.1886288719603473 -4.252333293652964
-1.9435887817173951 -8.49473951150367
-1.2523603102127938 -3.473244482867358
-1.336965819600508 -6.999276576906779
-3.1190057262442257 0.5889087593886533
-2.086185465653742 -1.466868716713126
-1.3343185898975067 -1.162567671954451
-0.7748074785052101 -4.745938061174289
-1.1318416676395633 -2.303525117954751
2.84809537839871 -6.329731999658423
1.3288906546797956 -0.8108049991544222
1.4545383782174208 -6.736951927895461
-7.730047535211767 -5.7744111346237945
-0.12916836614350338 -4.492131003815374
-1.934745162849069 -3.88089090134791
1.3613745859206854 -9.776718253836135
0.0029233420111435394 -2.8378950347910443
-0.06498132072961521 -1.3216892975632533
-0.08411504760273693 -6.940244247383483
-2.2150540245675505 -5.804665425605683
-1.5996280877725726 -2.6524863585174283
2.405853755158574 -2.8578440373470566
0.5544377119406503 -5.335085612336383
-1.3620224584869196 -5.21052146843039
-3.0518679075850343 -3.973781581725224
-4.0920330628288895 -6.2577208490502425
-2.49749179306312 -5.236574863769361
1.8561242926544845 -7.14223860476098
1.8490707811267406 -1.3660227654537376
1.3230444108867225 -6.193546878578307
-0.42924161922285037 -1.1878664349659895
-1.523478586729951 -1.9201824467953659
-2.7952474408561163 -2.5106503163553286
-1.6700718444066927 -0.9528336012415779
-5.920908076515005 -4.1752046588791565
-0.5596939192446942 -1.743964058020922
-3.8340030375500906 -2.985794294017724
2.7241998916665144 -6.073617170837397
-4.1811672391371815 -1.7744101643095511
-3.475313288591394 -3.300792841129385
-0.3599483781932952 -4.549786883346686
1.7913094165624837 -4.209303939608767
-0.23254707111240758 -0.7809384493902222
-6.039237919152271 -7.073770432219733
-2.1028110602347856 -4.708188924324526
-2.0987716764881843 -2.7531338104928262
-2.3590597466807 -1.8882900228269928
-1.2687782412790087 -4.244237334452398
-4.238890512045387 -4.772964664762273
2.6257600650900903 0.39748153887224363
-4.3549500623303175 -3.971256830515994
3.210958571248326 -5.2074863590852845
-0.03089447160851992 -1.7015457044942606
-2.99454245242535 -4.316575958399522
1.0378289568624548 0.9458686064775581
-2.6711227390592147 -8.05984847651931
-0.2178086801709473 -7.334801557053818
-2.255993138101417 -5.65511930263884
-4.427255595048848 -4.412369328795812
1.076389518202006 -1.3067672468222444
-1.5395859438687016 -6.195292641821455
4.473622187092032 -5.351808992167524
-0.6023567392130362 -2.0837779866378385
0.9628637170262657 -0.643904554471792
-0.00252072733707155 -4.182960120358344
-3.7079115237616946 -4.159086647439909
0.7195072924464221 -7.187440624809641
2.395364488711152 -2.497112312880378
-3.4567593662710867 -7.331472340977759
0.16747070908708353 -0.26016719776715674
-2.517130619237293 -3.8217992370847775
-0.5217229399221286 0.8995357035435534
-0.3184190055325195 -4.194957700639223
0.42065459422603585 -4.59483313820478
0.23576135970594664 -3.65517429391373
-3.8400762796424326 -6.351282153393853
-6.33153022312348 -1.0006190248211821
0.5239420805622923 -6.599576029063721
-2.4317284778874044 -1.509407448534546
-3.118730665081046 -5.917549367508373
-0.6208729490104619 -4.4896897751279985
-5.557009756305561 -3.739273101812883
0.4601265070096755 -0.2422876105262977
2.6021873129060817 -6.0538883491090285
-3.7412559452292133 -4.195799302128281
1.4201822375064093 1.1960443876154951
-1.3564336585201038 -0.9441776972091431
-3.0776694667533495 -0.5498394822010374
0.4028103691560287 -2.338508785919622
3.2309092225393377 -5.484272313588386
0.4238903706284127 -3.4710536787595463
-2.572828318836415 -3.621303231903939
-5.054713324197365 -4.667632700155025
-3.1891603864000335 -3.740981754253475
-2.524635211718959 -4.4104102557085225
1.7372215797735318 -2.4607031516206264
-4.384617369131746 1.1714769026352696
-4.444130041708391 -4.82930525581137
-0.6549832931206229 -9.16091714190157
-0.7052466666053052 -5.1588516315158195
0.945718014296673 -2.2395645264989246
0.06564127133580615 -3.069386995254514
-1.849803895144206 -0.4580534056568981
-7.180112646206979 0.5198718419935451
-3.4281057894336304 -2.408830286247115
0.5957452226788144 -4.996594754005549
-3.5429730143068245 0.030928293470745168
0.1891798817013206 -6.310992786628293
-2.1715176456069547 0.2378307788350612
-2.7702849533692704 -3.5042975719408376
1.2171120479625013 -3.590577351917702
0.22242521994721132 -3.0304967808136
-1.6830850285138728 -2.5548630424490955
0.27123490916559906 -2.3644037315656843
-1.0950275081942213 -0.14667947531572198
-2.534770882162349 -4.261676714154985
3.9327300654559276 -6.696840736149102
0.7936811588447196 -0.5059884651509589
-3.3075750202069405 -3.941768848071593
-2.550556041189353 -5.275651420776696
0.002103416425938431 -2.583084165282162
-0.9799145930795422 0.5390713318527836
-2.6329184011153335 -0.2932809351209012
-5.384202840440707 -1.7823751188733943
-2.927856291002215 -3.332561516119601
-1.4732981595049073 -3.0333690765244405
-4.254940807093973 -3.7074363300185906
-3.346210778387246 -1.4578127925213225
-1.3028934815277753 -3.2413607994367877
-3.2064433443838998 -1.7067628255161298
-3.193699999661334 -8.55498044602367
-4.30276406732942 -5.481215709019864
0.8674820242014072 -2.5157379371204875
-3.4748040575713763 2.1802627744310152
-7.104170773237314 -0.7043670023601837
-0.6531581650772584 -10.4807445859247
-4.055064315291887 -2.111722487557746
-3.426882761658576 -6.482287522502943
-1.4642222943486023 -1.6278589626117346
-1.152694481612912 -5.6409930288214
0.1594477851192402 -0.09697713919905258
-0.9223608744317463 -4.636474946464556
0.9663835892048803 0.21543805534887195
0.08183601203450017 -8.031299930781557
-3.2672648083398177 -5.664630918520407
4.275527266164772 -10.985043004873377
0.33530418172668397 -4.749546134738231
1.5093745296788224 -4.24384351944543
-3.792595972152299 -8.7581693139635
-0.4433454184144953 -3.1289569395967836
-1.6361177023682534 -5.061482209002975
2.23494948670401 1.4062919034962715
-4.124538880999381 -1.865008745711106
-4.718501104440151 -4.319176203420146
2.6038213681261047 -1.4442358508664006
-3.860864248428783 -5.04605134890188
-8.597034123269495 -8.284564989371756
-3.2396199683990408 -3.2412941420585133
-1.226158909034311 -3.893006678106846
1.915611814505183 -1.7828070299305487
-3.17357796940064 -4.121064400994774
-2.889474803872347 -6.121288432309296
-1.074329530585047 -3.36477222688069
-3.7960916761256986 -5.373984075993495
-2.256154597013435 -4.740638127803651
0.845243680952748 -7.7948640817836425
-2.1869169472754497 -5.36837218475416
-2.288420716078918 -3.757600051749485
-2.0505653302933387 -7.088244452091962
1.0873433778986334 -4.3323209560209275
-4.073248010643113 -3.524129705098404
0.32487299900020583 -0.2781680570980767
-3.3747241886636776 -3.363156790975793
1.522297647412088 -5.884242306863308
-1.3458708478086696 -1.608937709239994
-0.5696784086275246 -2.3289458239033984
0.9423494059586229 -3.589617991316279
-3.741934200199623 -0.7509735702508236
1.0590766881701934 -2.9645575663936388
-0.004989952904196985 -7.920821829459869
-1.7851414029887853 -4.82242625320408
-0.9291137537399269 -4.583800943393325
1.4267199808095792 -5.600101485740752
-3.45667994875852 -3.8114008266373243
-0.37074974458305154 0.4688291668656706
-0.03594634153535063 -3.9405378060940928
-0.14060998530139587 -6.854290946998221
0.3330401683747791 -4.267720050607253
1.6997738539270695 1.0375382519851657
-1.3884374128902839 -6.474499006211655
2.3936982179417887 -0.8702858398094203
2.117330626239436 -2.2450754072621155
0.8280754284513274 -2.7796940389902347
1.0024491948126406 -3.1199111349357675
-3.5975473509317486 -1.7135868965260281
-7.018204970766092 -5.503584347826943
0.40609683021132487 0.7558492409634627
-2.290827529920478 -5.756722911029546
1.4554599876906018 -5.801222322918086
-5.968266986814172 -7.836037946472458
2.4163589112209527 -4.857954880891443
-1.1047755545643274 -6.662209904655223
-3.450746350566178 0.3459173766095011
-1.9399918350248984 -3.7667861991077465
2.380799777196088 -2.4522610805327343
-2.205630220004182 -5.545073170426526
1.1489034705771808 -8.337503367507459
-2.7359763324543573 -7.737332922723096
-1.5289413659757973 -2.433140462801858
0.5251772578915986 -5.540890339633822
0.42696403436083546 -6.523088928780876
-1.9696288860799744 -0.8218828736702942
-0.6774436773895192 -5.521628282242507
0.4724438089649534 -4.069490603125196
0.14491587908339854 0.6303185231316497
-2.3896409431642813 -1.1760314380781705
-3.1355396582970347 -1.4472730896739074
2.9169046874493314 -2.269221087324561
-3.2368113365439517 -2.8493597177682344
-2.369795112517878 -2.064700370213097
-3.37470489004231 -4.740276518467347
-1.044080927067967 -1.5257205973430294
-2.288643148203193 -3.3036366691810644
3.584845855600718 -7.233956438159613
-0.07990558329494536 -3.719292381456176
1.3001586781929002 -2.4378741233449936
-0.011128873788721145 -6.2778452773350235
-3.669321228965558 0.5878297290286827
-3.6249212504752966 -4.851924978281893
-3.9698449249172403 -4.537807410824662
0.20929075009414047 -7.696394637805813
-1.4234795733951562 -7.453447669828898
1.5815438105679782 -2.5732990804106795
-2.494740932579717 -5.6440597568363104
-0.9406275991530183 -4.263056654880919
0.037217588928953035 -3.5475734005305437
1.0712205814140812 -0.7262385739646208
0.8260327449996079 -2.795169047642352
-6.459011116552546 -4.4602037026621595
-0.14056032087771134 -5.389994177550442
-5.042384137073682 -2.107858005582165
-0.02233217930934524 -4.219573911707813
-6.043803424471847 -2.2991711243793946
-0.1793216023368988 -1.2105693249223783
-0.05239884196049673 -2.7217614692318968
-1.4654795688801987 -1.7298500240743329
-7.2408408793567105 -4.365001692398606
1.0185185415778757 -3.0849411001919926
-1.7878881263513198 -4.845658479905129
-2.3827740757056266 -2.939446348922379
0.33969266400292436 -4.03960112509631
2.080069003582721 -5.848524466976871
-0.4232567722777109 -3.9807363036985217
-0.7597154669216483 -6.953640577798461
-2.4447465705303846 -5.318074647804221
1.5472345203449005 -2.0363406408800944
-3.38781153780586 -2.5060173028527686
2.1782033198487616 -3.015420817789877
-2.887070821502733 -5.529007662347068
-2.7932793684968122 -1.2367088015370766
0.9797804690094972 -4.699757398613985
-6.053737927002686 3.0499382691404553
-4.612360880878782 -5.399461347866296
0.9513633590874231 -5.898552889975143
1.050804174758127 -4.034546824386323
-1.9265861835844196 -5.026011250901427
-2.4869442484476285 -1.6175701202102146
-0.7225175609430898 -5.438968254672452
-6.062421124592973 -3.5482410068988512
0.18105807179936959 -6.6342744871775485
-1.6890765781649582 -4.469863630035835
1.418633443710973 -1.6277293833475548
-3.287299596669499 -2.772945269038601
-2.237494963116746 -0.7497648700973382
0.05016263878056258 0.613127702282817
4.037969489090202 -4.4337021309913105
0.0777269245642166 -5.591842394950196
-3.2710686003607354 -6.1723472391290555
0.5224177651523969 -2.536968095580377
2.0177953351421385 -3.90626971589549
-1.2309701811226013 -8.569535222913157
-1.1461135388941417 -1.9471572013996505
2.560174938171414 -6.851618089278565
-0.7885676592085249 -1.7847373308577739
0.7977172198572329 -9.341424263762159
-5.550231371504552 -0.4128353400954887
-3.1392206141411667 -3.626173144341249
-2.1235953253117974 -6.914296315009777
-1.4866977402885202 -5.78831694046968
-1.3388612533535709 -7.347762422902451
0.37265774533780377 -2.7117937242574786
-2.4439784217058365 -4.678191750008548
-0.08980638478915678 -6.787046660611623
-2.9014610129642766 -2.7617041329791068
-0.29398326197947733 -5.82792906967384
-0.1387267195642611 -2.6703751291842193
-2.7147773184985486 -2.3068765011750774
-6.408541230278772 -2.343421360386848
0.11359875366069565 1.3566000326399392
-0.07916422509700308 -3.4747466645372733
-0.24819899835291948 1.148059412490441
-1.1447834275148812 -4.785769636090804
-0.6272763209427129 -2.9987706416163897
-1.7825823337424969 -7.674970888321503
-0.44273114740710207 -0.9721145592403945
-1.1285790794044321 -2.6654122451926683
0.35482292774526003 -3.1049486677205382
2.048893975690205 -1.4928499269329198
-3.530808961748719 -1.7645808601102575
2.8001162827404746 -6.607113697421587
0.34652160640825935 -1.6507850114642753
2.0762376697742857 -6.98488996415165
1.6467245243987485 -0.94663869552626
-1.7381157345699312 -7.119589072505735
2.244044936892578 -2.8887625884245254
-7.99018112019921 0.18776294860539444
-2.8991343733082293 -4.474875935155241
-5.7348359952200525 -3.8766788417480686
-0.5257978175592232 -4.744055349824043
3.964401829714262 -7.5399939693478695
-5.599506948659169 0.8227363961258392
0.4870902212825851 -0.6456823843910746
-0.16039911765373982 -9.660729907825804
-0.7575538014723409 -0.9419310709520969
-5.0487142791606345 -5.985518089033511
0.5967469445593704 -5.453126129777348
-1.081358125107443 -6.400289950623085
-1.3753385681596204 -5.252546057207878
0.26993207492155563 -3.591137907424549
-2.5340493952334815 -5.8527724560147485
-0.1145653923231155 -4.1864570918761315
-1.4212242057283082 -6.323837698693854
3.354419678835554 -6.866253425760795
-3.212350322975496 -4.897585281672386
-3.470117550595106 0.6048718913659049
1.017472414231349 -6.079541368877872
0.46857614322882957 -2.1648978353565203
1.2290228872906677 -2.0608510684665964
-1.5221179903814748 -8.613980921180382
-2.632775833149012 -2.9573849047880287
3.3340230870280285 -6.724681613398661
-3.1312713945457067 -6.1376991054418575
3.307428474530041 -5.725411613809209
-4.458972652887624 2.9309731707845974
-5.089676161963638 -2.491748838420571
-2.8982852919110376 -3.0721395939906913
-0.9986037086342351 -3.445776498817327
0.8014238005653733 -9.31115648796125
2.883112478240704 -3.522687863008532
-0.7240597465560799 -1.6036527969430185
0.4734375832473738 -7.043282313388744
0.13607563859531488 -2.84917842987635
2.970617482013451 -0.8235611942739078
2.0845808198935027 -4.018189999522876
-9.487841091489798 0.4070557747912084
-1.3075114523193183 -1.974701577893939
-3.3785529294760726 -4.487444096394101
-1.5809714629248934 -4.666497315699969
-2.575810812800214 -1.1792360658598044
-5.155504686832998 -5.162466264726238
2.880792554014646 -9.25710322421845
-1.393270594171256 -2.226589481011425
2.08807464535711 -3.747757481218648
-2.9563021834899534 -3.730533842292277
-3.922997468150044 -3.7971640570220275
-1.3677547075356817 -5.926789152844421
-0.12098700360317625 -0.06655392393413317
-5.038898111026299 -3.1438920785043165
-0.023105245901419783 -0.2174465485514569
-1.666493878799344 -9.612945619476513
-4.45105884166351 -1.3354640402438855
-3.726648573110211 -1.9387002517122476
-0.2822245145956834 -6.427045284863853
-3.3844159240618987 -6.099763613994588
-2.9867899664939164 -7.037306701482799
-1.228492943544865 -3.7408116661996855
-5.791891658317269 1.594726680617937
2.2760893886779736 -1.7655664249650607
0.6239571371704635 -5.843298235538596
1.6658019533721948 -5.324406302532376
0.5290158569586505 -7.870383214136507
2.136897614354552 -4.141687204240093
-0.6596922900268117 -1.7748800186176696
-5.555786600606169 1.9871553744541934
-2.002595338645094 -2.7999497780320843
-2.2663205250896685 -2.4614044447447387
1.6243361029140284 -7.749165758661246
2.2473836760657084 -4.862103892295348
1.1645496874788246 -8.829827302345686
-0.5062708514049634 -3.8193588880791403
-2.267321773119932 -4.2625236318164585
-5.494295386233347 -3.861355695224374
0.8819882234387815 -5.789833333471873
-0.35153285331900036 -5.326278054218792
-2.0154657086948053 -2.8532381169758816
0.49048021613275217 -3.692956133079734
1.7654926524297703 -2.349964491806765
1.0556759842455101 -2.127286349188711
0.22020570799875797 -3.586374830741401
0.8920202067486254 -2.661828344538572
1.1991826229103133 -9.313346870644962
0.6880696789277746 -2.344518776703095
-4.260942902950745 -1.4952329938170486
-0.08792943375367254 -3.5837089143724157
-0.3794208973957185 -2.5037974515725256
-2.738262982706616 -4.548147965879834
-0.2903613235964861 -3.5393926046598145
-3.755584540192189 -2.865506559778066
-2.8651995373038948 -3.1538260399230484
-0.8475321179037685 -5.305120651548414
-0.9683285060883978 -2.7212717089233394
-1.2890335740820407 -2.0067757884722726
-5.095703450251662 -3.7285375019489497
-6.348980423240377 -2.7556214674261894
-1.377909389686835 -10.929838599224649
-0.20420034630673517 -2.9695234840393905
-1.7623949292033674 -4.051601593306713
-2.3054231283463484 -4.425696237670577
-4.138843220927043 -3.479915232007578
3.0379579266100047 -5.372502076291248
1.7047869509099338 -6.517894352905877
-1.2350450877196413 -5.086223555428581
0.7701662155916859 -9.997364199976769
0.9956032643838736 -4.8323724259016085
-0.006468527669043024 -1.1260423633750187
-1.9682945847882967 0.22731645590342292
-1.0370924224325369 -5.2953139810699765
-2.8431587702453105 -4.5089818722930515
3.1932085744301864 -6.792740994531576
-3.0320813941066977 -3.4050239124941184
5.576230070726509 -7.405543525877291
0.8709633599330994 -8.597360428426347
0.8969673320287224 0.211722048348436
-4.010506814266165 -6.303793764465268
-2.023460693949972 -1.5060653563851534
-4.630516819117844 -3.715909180217586
-3.530504622522898 -1.6998757831006928
-3.756875906503851 -4.490200482002371
-0.8629921102087796 -5.895833751158944
-6.193340435704172 -2.9553689688551787
-2.2703177574090323 -0.02287335364935066
2.1330503855470218 -0.32466783799078314
1.0298178509735716 -2.1731715515309444
-3.6501959171566374 -6.044049715006157
1.1507447166714395 -2.4152320621548458
-0.2516904224858371 -5.453785103284609
-1.2810267709628536 -5.947538150596408
-0.9057314893432394 -5.097735944193795
0.7495265477359819 -5.670229754384267
2.576111169647191 -5.0506303941473405
-0.859894251304269 -2.838062676804546
-3.534339788263438 -2.741722963186554
1.7131571766810931 -6.899664575804559
-1.2848920057528666 -3.4445727891571876
0.696105916009784 -7.683437896036068
-1.7608720058941292 -7.116857185844661
-0.4089153032999923 -1.3798751051012341
-3.0095375265925957 -1.239179904875714
0.7725572427563915 -3.625001280455876
2.0565913435195564 -2.4104164308781195
-3.4984266513830993 -3.095341126264027
-0.4872695785671372 -1.3912301121429107
-6.238315277235159 -3.562712358718279
1.0449085302184495 -3.8275296069750633
-3.886159170370704 -3.6233791510110938
-4.281872341254086 -5.866000937444632
1.8728301486401613 -1.11004104078363
0.27618385274587287 -1.9204239389158864
1.619683555796683 -7.339574089840632
-4.268540855402833 -2.697228142228811
-0.3136258814553232 -2.718200117308426
-3.1267955706439783 -2.7252355195656572
-2.2533391666179488 -2.052339275917979
-4.278028065096237 -0.2311142619538624
-2.4700005696249723 -3.593413687265928
-2.6734186903283192 -5.930437766198132
-2.9730373536498296 -3.7432370760748386
-3.5213178213222425 -4.972179492091985
-4.912874132907405 -8.784300483931712
1.2889390329800103 -0.9135219350963074
1.1777272062829662 -2.565574052658271
-0.25293506417332945 -7.0223991489386695
-1.0143101261039649 -2.9890191735617626
-4.807345679948213 -3.9204424069060146
-2.3230886007201557 -6.0206294522287465
-4.853194136547486 -1.239461308634252
-1.2557528659513513 -9.877913710962101
0.012866576859962564 -4.881544682968415
-4.005569778525938 0.4831704851517052
2.733291322106992 -10.69904221758909
-0.7949874830526087 -4.395622210151032
-3.4760701116809263 -3.185508103397342
-2.7133729111401412 -6.511633662495409
-8.658943584210363 1.0822084150988927
-1.4612120436847538 -3.521922730670611
2.4683736270390138 -5.930279409978623
2.833033634850337 -8.72235484876542
1.4423667728618166 -1.667908447539799
0.36014559402987306 -3.0725069741255613
-0.8146969664348664 -5.977428184563244
0.2614802397840205 -0.7831396474387594
2.5757635017687046 0.9008842357080828
-0.5899960428532441 -2.780106916559813
-0.838853127143921 -7.875811738453836
-0.24006566139254967 -0.5749411710740117
-3.1685332027144715 -2.463657124518483
-3.0704296908598967 -5.2727244405109985
0.8925264983652564 -3.610906400488784
-4.600643389940359 -5.058318663385287
-3.1707691715005955 -3.5136268968898348
-2.149339620952859 -2.609624251098159
-0.950915555280915 -0.7811835913038297
0.23632601823921062 -4.71159942388936
2.5973709395401694 -0.5040114869955477
-4.603710771769784 -3.0882251248909878
-6.417144994491849 1.6374283841419468
-0.8401525791299351 -0.2331303037718889
-1.760670413256435 -4.593488877990815
2.3001010096166534 -2.1870200387711445
0.8369506845564839 -5.394722428521964
-2.662958705879945 -1.169478241899535
-2.6466275728615902 -5.749047111467234
0.39513651620916307 -4.248762778278984
-1.4458003992299102 -0.9469920413923589
1.1067349658091667 -2.978592728507304
-10.21751781333434 0.9650688943426134
-0.9264869518670198 -2.562967388841267
-0.19209958543696418 -6.860789870439368
0.21981283670947935 -5.588662418909851
1.092306574618021 -4.795019490995116
0.9067721633400219 -8.20344494305527
0.8913938896970701 -6.43095938849448
-1.6311433594182605 -2.841136869518671
-0.10495442511347668 -0.8669429726437435
-3.112012508035264 -6.517375159929226
-0.6546142332197608 -4.4455724144894955
-0.160447211035461 -6.153369216337835
-1.897405672567118 0.8667983185104609
-0.39078445417216334 0.46799023798955963
0.7090559098443943 -3.8592217786969947
-0.4815426148709751 -1.5908902812149797
-2.2615566521277803 -6.206139920084063
0.3920578933289815 -7.247482157333379
0.3521083848632283 -3.657277169777321
1.590375539874969 -7.260878303875321
-0.8411167335928699 -5.024583647715384
0.9724665212545027 -9.214007358985441
-5.79061972200455 2.1787001408127824
1.3378658907079592 -5.03931829236245
1.2783125734863314 -2.0412008619998163
-0.5094011155559605 1.3802112556579982
-5.173112552432343 0.5538104656383283
-3.5159393439716387 -2.432085621685241
-2.6563054670383086 -1.5934213371478791
-1.1843590047089099 -1.5578492946280385
1.6409631268352733 -2.25616499189398
0.9603886208697922 -7.129557528435087
-2.7677660262899058 -3.9683112345399287
-1.941069895872602 -7.061989510429092
-1.2402614280020292 -9.672855039618648
-2.5941542450471506 -3.4501328927878676
-0.7728082629529927 -6.83878394641274
-2.8187713601805915 1.9321519590249405
-2.896675392719303 -6.225255488314755
-2.837415730853707 -4.7573139210773565
0.03175581043636516 -2.6834599142844433
-0.7542588085715923 -2.730673056289866
-7.179679998465346 1.4935486486046539
0.3572281683652672 -3.856268614756339
-2.1478078557688325 -6.08471676804783
1.2703649174348324 -1.5058249666469739
0.15018566022641225 -0.21580661254656733
1.256074846438096 -5.243625827082071
-4.196865723601547 2.765693785398083
-3.1061916882517555 -1.4049326212991278
-1.0967205866556502 -1.4196968744627767
-2.9179234132055 -4.25339390208096
3.188691112535849 -5.391766374034509
1.4742353237729013 -4.902049357339844
-0.8029417644248444 -3.5548270664963617
-1.1230838404472228 -1.1423551496252158
4.43842606579993 -9.708134841000014
1.327205321844729 -1.9519823538007528
0.22118491758151007 -3.280531882276534
-3.9573741708469474 -4.742441483691107
0.05444812726908261 -5.7346446347658135
-1.3169713867444561 -2.4013844650901857
-1.4018314943893135 -1.1928393776097914
-10.64628170505165 -2.1946088585777237
-1.2045222042722377 -3.6735482070027534
2.403997049228237 -6.915618068964653
-0.13140150879741042 -3.3330154189835928
-3.1304422206570455 -5.920852778352026
0.2648602204686903 -3.185686752830126
-2.5769328280027404 -5.640122251073
1.3702163604136923 -3.7935528764794615
-5.175979666752525 0.7773964403182939
0.21791051505461173 -4.293714759301353
0.916681417251666 -0.6931590664354013
-3.9224508498776207 -1.861181023201095
-3.0156126936056045 -2.436984109975621
-2.6122646223693953 -0.8144909502331517
-0.8697091131093377 -4.750019375750018
0.7837815839622091 -4.966699419908513
-3.588450825390041 -6.440530441276261
2.200174062096507 -8.10538742455531
-0.17703410459189714 -3.5555732494769288
0.15570388028153503 -1.8649089573297017
-3.3264985356495775 0.6571780401281085
0.8618731788381379 -1.3886029553063914
-3.108879263638883 -2.021490853807472
-4.020811575962554 -3.778552655459853
-3.184099924647285 -4.949968030918933
2.75021408062949 -8.107123601861534
-1.0295200135903433 -5.086961419546461
0.7402609567357527 -3.751911470341826
-1.8892597569770548 -5.636059893678814
-4.126594281766302 3.714152897020021
-0.1235689591059102 -3.685895654048497
2.3635358292288937 -2.8414472743129706
-1.4568021739513743 -1.0460371180791943
-8.455837692341802 -5.059930468514585
-1.8446905884292735 -4.071049673098189
-2.298863519889935 -3.7726924962858566
-3.3261908547519288 -2.42820660024634
-6.66527217780731 -1.8466003451392894
-3.317410316581601 -3.61580396187439
-4.9858952560235394 -5.1707112412243905
1.495340185497809 -1.7973846933797486
-1.0829092654400656 -7.522361065269392
2.452506985676464 -6.498548834541102
-1.2821325643308374 -2.075083791536368
-1.390187356914638 -6.47080525765344
0.6725610909121965 -4.028312961580712
-3.132398364749975 -8.579255558054758
-0.2051602998562749 -5.033402753587631
-4.2269132984671245 2.65713152437349
0.026820573751265477 -6.0224512071740355
0.06247811841754393 -8.167462043148344
1.9775674089572841 -4.9309893998217955
-0.22579719385439062 -6.7408173890436
-1.283472759627799 0.35326915831578426
-3.221998099322207 -6.781062865680649
2.750856149965855 -5.125706569625336
-0.22907997716713202 -5.966402794027882
-3.752666961517534 -3.503603328826745
1.1322270777025658 -7.445017669406387
1.1919389092511916 -4.380826614369215
-3.437992572793633 -0.22183404530271156
-2.136128768793086 -2.865623519326477
-1.3673148528940833 -6.233609674951178
-3.6379304870646085 -2.1174416112937857
-0.555977424106388 -2.7211696107356613
-0.08102558742172104 -1.6150443904299445
-0.6575760157225691 -3.73036789530572
-2.4687621099612618 -2.3337705775314284
-1.4860623920149725 -3.4560195601895005
-2.089065832109313 -1.9820538769442526
-3.321717387446896 -4.399672379162211
-0.08042880519630598 -8.8736308682605
-2.298813843731637 -2.599595614031394
0.6541005431781735 -3.5935069558709283
-0.01915413788287912 -1.68493283139427
0.6274235982708516 -3.8166075887479023
0.19264387586660756 -4.938016995623599
-1.6212984906758126 -0.3511125809188218
-9.183062165053698 1.2875063335991812
-1.015806719520271 -5.480200269889372
-0.11313324293026061 -5.49336380568417
-2.0848755387880975 -5.604850615984914
-3.1185912430355818 -5.1450022611666055
3.658327003289954 -7.825496148639583
-2.9896409809300057 -4.693572056902244
-1.6792228685602457 -5.7663695989421155
1.1679597089795517 -2.1897998526464777
1.3885197093408546 -7.303856953250852
0.26696549340245185 -4.293040330512459
-0.6304692173646347 -4.037196437083655
-0.5770976616261553 -2.1251898225279184
-2.084834697582125 -0.6445509090063047
-2.828993966710755 -1.9870574557735856
-1.0564225076894336 -0.2034776495343106
-5.496380718176027 0.5001226335477237
-4.672943132435478 -5.512677645575811
1.6517250545380473 -2.6596150035218558
-7.103574238149321 1.8716899446676472
0.6483086376167928 -5.457376383343889
-0.08236820811190236 -2.758640076816819
-0.4882246849948618 -2.3314538850097613
-2.623177277245134 -2.9910422097620755
1.0363979133281158 -5.04972790342643
-5.349470528965824 -6.136514288005805
-0.9805511481992685 -3.361108584568978
-1.5011876611055048 -2.39680638409555
-2.039837425895627 -5.133987834813853
-3.7520942551818455 -3.5866622973726887
0.5395234498770798 -0.894051061460219
-1.9826150383756986 -5.225105766634816
-0.9240713117932705 -4.106347159098562
-2.382020434160012 -2.1619556167930027
-2.7327782040380417 -6.405472115044525
-1.4823092200444283 0.47877850633898805
-1.759081690646966 -6.622847827754048
-4.365558857736914 1.5017728007931952
0.45449465133808004 -3.16256537155925
-0.5265399215890062 -5.8905433839645145
-0.1627806692354599 -3.4513705909322847
-1.1692098881557063 -5.144858797481544
-1.238062378318347 -6.327980878793494
-0.9890122990725422 -6.682610378809843
-2.234762881428751 -3.824414598499906
3.2970845538447113 -3.5312312867709403
1.9789698932832915 -6.146728048588797
-1.3495369636302574 -0.6863839942626306
2.1057185436870323 -2.348109027901529
-1.0777832405945849 -3.1876372599531786
-0.10749468538050229 -3.2584096930062607
2.373958467812201 -1.5340890170650232
0.04248618046533154 -1.6653254734241867
-0.7950072785209845 -4.6558117503499865
-2.843027522406047 -1.0990892186445167
2.281892016146272 -2.2640270612551787
-0.8083294896667899 -7.128879488083094
2.022653781327946 -3.7527953984064637
-2.4773668402655464 0.32413671796928334
1.2122881252931843 -3.8270467582593213
-1.138795717647398 -2.3617054872007643
-1.488979804671317 -0.47942533400806797
-1.8087580568248856 -6.810372164518931
-4.284480789497266 -4.125857191116345
-0.8381800668217784 -5.098171080217791
2.358633998182938 -0.9427829798530274
1.6337685798486627 -3.7406706618354457
-0.34310231028732185 -7.576386828253757
2.202112785353108 -2.692774043079863
-0.5617197613609768 -3.7087684045295553
-2.422703552072733 -4.89021268567833
-0.8846639601731571 -3.0008768471916096
2.6651209620176664 -5.274516457371608
0.5511312491819491 -5.98796135080856
-5.775297488664663 -2.0668041483769586
-2.146766087117044 -0.6865488063170602
1.9652247801573846 -9.395172340433371
1.2624712819473554 -3.7904314238329357
-0.6896137280811706 -3.9137297127409267
2.7035914310698095 -5.968257317147986
1.1738358181396928 1.115797552984353
-1.6959999811554245 -3.232583470762307
1.9102318515482746 -6.966457224043053
-1.7968386815763042 -4.589082032216055
-3.085765807842464 -4.645332254795411
-0.30620059624907076 -5.366185257246848
1.1238320141693374 -11.293688734550717
1.8303693480064136 -7.41486876186423
-0.2400249442277986 -3.0750480792512613
-3.8881610983096806 -3.874871763724161
-7.3146147342377645 -5.380399786329362
-4.2748406761692195 -3.413987855383359
-0.2024330888925479 -6.501983936487739
-2.310668756626541 -3.3950833375272573
-2.856976998481628 -5.45899758860382
-1.0934761110501374 -4.664157768306561
2.644962813558762 -10.862475211825958
-3.4184413577751234 -3.1916818396951547
-2.0807849509036775 -1.8962173826576496
-7.980500426683065 0.3786061290010696
0.0901677762161905 -2.837002655337177
-5.0441084355234835 -1.3305180511765564
-0.9177711741319288 -0.6939367754052378
-2.0259646987223907 -4.5717386105455
0.19388006090893778 0.24558017475413213
0.6409873624395739 -4.105631722700134
-3.793823413557704 -7.465694606312539
0.32179697161895104 -0.5097812323632548
-1.2223114974147937 -6.5391012603867305
-1.5517404073008694 -3.40171410390357
-3.690884285465032 -1.8516451129033211
-1.4730061475507346 -0.6309191757290439
-1.918838195548375 -2.480457639661319
-0.8998844353662465 -3.7798425557235653
1.952385744139931 -3.120172258692947
0.43153572225131115 -4.624820540936727
0.1662830014144272 -6.320131674300044
-1.245052269144495 -3.1079847209175337
-6.314691631706268 -1.2471644260004169
-1.7360044870127074 -4.227965242659625
-4.0835666700740205 -2.633697330704424
1.154033029191495 -3.97496337757282
0.8965385104851145 -4.169403056472537
0.8549157166530956 -2.8690797034035045
-0.992990559632631 -1.946432957741541
-5.1836509701761315 -3.714942905985315
-0.29016460966067864 -3.287039923441118
-5.762566486250606 -3.795888824794852
-2.6412554545291873 -7.565953081497254
-1.089060229720204 -3.1272315678047113
-1.6858217069106591 -1.5748370181802278
-0.14601582078553613 -5.088001513471727
-9.495231519208488 -1.3017317234074615
-0.7691632080071147 -3.5346249408442656
-0.5685836117272773 -3.766308950224662
1.8257426499239808 -2.0562538543144653
-0.7977894790798109 -2.7447306262502145
-1.8519643428262929 -4.079615674650999
-6.256026713586479 -3.4582588511128423
-4.9312352572989795 -3.900517143317946
3.733840340210306 -9.407086252197589
-2.2734352100233086 -2.538216211296768
1.2865699974256155 -4.4596925900048525
-5.809464189239208 -3.0761962859456644
-1.8725454506469537 -8.47206375446925
1.5177312263432579 -5.408765338505116
-1.8518130904414538 -1.7155205368594821
-0.5528679660535691 -6.670512472300983
-7.116647224332681 -3.294846389357422
-4.5896888033123275 -3.23913536841184
-1.5718259095098692 -1.7147599592705438
1.1476935881109678 -1.9044115429705302
-1.3274263161271311 -2.4104050009613127
0.5568381981806564 -5.848700462233078
-2.8363946296341287 -4.285568659741631
4.114622509385782 -9.787205179964674
-2.995777438147926 -3.309752379662725
4.56459324372284 -7.374246474009882
-4.594539916569204 -3.1755744978026703
-1.6428139124666647 -3.9879017762438536
2.4837269599888994 -2.190118140199619
-0.6728835081091094 -4.165914962924178
-3.4358266019367396 -6.777839002432252
-1.5997876783479943 -5.388935705034581
-3.9368513049975324 3.244841871560397
-3.474822822797194 -0.7524415202439542
-0.23318461990660969 -4.295702590547254
-5.191719349111764 -0.23612533956116652
0.764111497181488 -3.738575082812893
-1.8247446229366777 -10.30383900267719
-1.526064597264551 -6.21449524142822
-1.5284167773792352 -4.276921004248964
0.2749460247848527 0.570624322883378
-0.2140038967777121 -5.557882538458716
-2.7452976682056236 -3.8764353154304088
-2.8011918121943897 -2.7312619288596753
-1.0705904005803153 -2.8754138726195686
-1.5740430512618393 -5.4686977788699345
-3.4352781718869214 -4.6229895896445035
2.0203212824547867 -6.500111095572021
1.7836884457231998 -6.523033045939325
-1.595834036100627 1.1751634894618754
-3.487309724995655 -2.4101649294701835
-3.3369545716830236 -4.377061232084397
1.9371367548970535 -5.0793307595692845
-0.025255658853126733 -4.161279950080424
-2.248518560213228 -4.38793861623881
-4.831652006011197 -3.4455417251304756
0.08824860191404527 -2.718196278227139
0.4226667785829502 -4.722388550714416
-1.911300132594093 -2.9044664281953407
-4.430779886291688 -6.220945398745005
-6.191418783098243 -4.2333093753544055
-0.7045077668141748 -7.467737087817434
-3.810284459644805 -1.180147170074642
-0.9757881906437976 0.23747598650071866
-1.6192937200525255 -1.5840016741894707
0.94876007950441 -2.620884110882191
-0.8850798126687069 -5.120416103456474
-0.12155876894402753 -2.4663679516238672
0.2462557135825132 -6.829022544938643
1.2393519419244963 -3.996428448799651
0.19824001533842733 -4.610736337568262
0.9669062549395726 -3.4950361709905646
-0.9706262324868794 -7.732493882972572
-2.5458104415001377 -1.4826564032382206
3.634699192295101 -7.150968132427267
-7.128646088634824 -1.0086802487358932
-2.8570073385321 -3.7092549999439064
0.5343965282307431 -2.2684124755207113
-2.1688210420567207 -5.161907466248459
3.6421024468378382 -5.541004276223444
-1.7478786181417267 -2.8832448069482712
-1.6460646023190721 -1.7474919478966415
-3.1770148418939077 1.9300683359260136
-4.156105240465266 -2.833400322787107
-4.053535726585608 -4.677901085204591
1.0549354793028125 -3.5323589809253586
0.5737968647867713 -5.249218961533896
0.5528415240761002 -4.446415180942841
-2.0748564371366602 -3.3037481626251153
0.013621783542930073 -7.872607064971704
-3.856849502266599 -1.2588767110850267
-0.7173996464348991 -3.162265196025317
-0.21224110298588586 -1.056353890906968
-1.9287008751564945 -5.720328899537752
1.306080339592355 -2.6321050930687653
-5.098185891961634 -1.7081910674480492
1.515644796649354 1.9548719599160762
-3.2886778283263003 -6.915786385210911
0.13682902456225995 -2.55622037331187
-2.0043450625575194 -0.08933744050813598
-3.605301832413574 -3.668826850086815
-4.135213909643539 -5.602688819192287
-0.49384528417205353 -1.6408195851536715
-0.035249440713855294 -2.886092814215076
2.2626328595905103 -1.8364842767512504
0.23658319054754834 -5.462361763833683
-1.5094491824925034 -6.254719098905724
0.27400523111965897 -1.9926729384198012
-4.907733566401603 -6.801459601157667
-2.5190426205554535 -5.533461007140186
-2.258399527132568 -5.884271145626451
-0.9423904227414542 -3.6816373581229196
-3.7608178724219816 -5.043421361372216
-1.0000499245776813 -5.837869950893734
-0.980162837203466 -3.9212223525951453
-1.3259202154625034 -4.314294480910053
2.809864844252288 -5.762737457070347
0.8919035107002451 -0.7421474703947327
-2.0135812250465652 -4.280701229942148
5.729914306407138 -7.467783899140844
-5.497639641104598 1.9622471328703543
-2.5402868876973494 -4.647165377587224
0.8583875914958264 -3.7913101068149335
1.2132729786138579 -5.607212666423462
-0.7566436098329494 -4.184491518767133
-6.29585060740466 -3.797821280535942
-4.083263588816152 -4.171181968819423
-5.9921273503409225 -6.43582122239026
-7.370184101759477 1.7826342723115916
3.7654093500236874 -10.385875162095722
-0.24562926254743922 -5.575891397918098
-4.107333462901138 -3.133319807800974
-3.680777457498494 -8.49156160728677
-0.5517177835780845 -4.402390143434712
-2.1293979511636114 0.744127193260889
-0.6671104585631443 -3.947176742396619
1.5207046608516488 -4.608570529128128
-3.105344767188697 -5.562908064024171
-1.9566288791228321 -1.4267621089665603
-0.7912648044072629 -2.438725019421324
-0.07566282272895848 -7.663720076302594
-9.588176072728757 -5.6795141845288715
-5.070792389220799 1.3445550249770635
1.3338368804891725 -5.1482208899011175
-11.857370022594779 -0.25003712607250633
-0.3169319083138198 -7.692059499830547
-3.888148250293696 -2.122782551926276
1.8985678049965453 -5.7161541676817915
-0.2458957737445508 -0.5910072110122996
0.9045687389566264 -1.5121024009768473
-0.4643668664776475 -2.930517941096152
-0.08961578167719636 -1.356134915604767
-0.31335889529947314 -4.219594778619931
-1.071682641503799 -4.078013252719832
-4.038513672096386 -6.628351804775537
-2.2539328606967364 -1.4228520608403683
-5.383319580403153 -3.2457579794711844
-2.5442959430286156 -0.6563284320413811
-3.530345129169263 -3.133828053217335
0.17367728039020797 -3.9726564475286352
-0.12592786748120974 -4.809556285165004
-0.357110878455899 -5.411394179897813
2.0300704727081036 -4.536721948589874
-0.39347344343985957 1.4364455710132071
-0.8614489653595431 -6.599330260161162
1.0107757642128372 0.08672811907205524
-5.160487118251552 -6.119806678440514
1.7809600386655824 -5.159552894393642
-0.4312258195095927 -4.485787247355012
-2.7357101338676277 -1.7234462371750934
0.021249362525579928 -3.1009504706970197
-5.832311823253264 1.9273483719921738
-2.908875425118737 -2.97961377059559
-0.9829829996217264 -6.904908289296402
-1.5206219071632747 -1.6544850022448097
0.7650395505027913 -0.660754459952198
-7.831159948668883 -0.6703183678337065
0.4752005674966281 -4.282332684803068
-2.3708131399064887 -3.6151138296279735
-0.37108966622588524 -1.060382976222741
0.12365505303436863 -4.828809106359774
-2.3618551708164266 -3.138204071825681
0.5300626408839687 -4.595935044136881
-3.550633201117023 -5.0151629432064855
1.246709233653234 -5.013534075125829
0.9437294623158148 -10.77351134029071
-9.766431434941921 1.0250130038474283
-2.0736908612768308 -1.2129088584530092
1.8958874535837247 -2.963093696985199
-2.276197835037394 -0.15379397951356735
1.1956853104298086 -3.3684467355760055
0.7597096441838282 -5.065309806714921
0.9831629417256377 -4.940786356653283
-1.5538654010267412 -6.396323450669206
0.9729555166320264 -5.962161443933085
-3.776630158681002 -0.6352849445208432
-5.532782879129158 -3.145796979228902
1.5213855613876028 -8.984978919091617
-4.762106549039288 -6.182930511364859
-10.446488669105122 1.15672986491554
2.4344638693705316 -6.136078193683322
-1.5533612893658815 -4.6690122717859825
-1.525048480766941 -4.584831660203415
1.434270325649592 -3.6535293969422993
4.064310350115021 -6.811301375834474
-1.7292962572365982 -5.300704865149328
0.6027012423732852 -1.53484473851631
2.9088532650121257 -5.798418013916826
-4.008462221968031 -4.252523359168639
-6.102617923124484 0.04923238011920501
1.3845616228067708 -4.695523845612116
0.9978811790905123 -2.158787521435228
-5.560520233911944 -3.7870751527346047
2.083633258514808 -5.757752992639931
0.17500285867912116 -2.313102140699875
-0.820361909608977 -10.260384170950037
1.2407440632422744 -6.015060211673999
1.115515942929704 -4.054866306064866
0.15349612654348685 -4.836420431551876
0.9786727140319721 -1.6587283048408157
3.0602046044716635 -5.545377694203525
1.4181061651239584 -2.9776623276168417
-3.08435971767905 -5.045757052735669
3.317631729268924 -4.58764668166878
-5.227536118850281 -4.366275983594826
1.3233415142135523 -5.208921405286161
0.7372813948620796 -6.135481188271145
-0.3128370721956346 -4.73508740567075
-3.433996110315349 -4.317886113595556
1.4399275333314558 -7.446456654658071
-0.6105076495241807 -6.1771191302938355
-0.28181869458164566 -2.642012012573142
-0.7196711601515776 -9.359869366445755
2.9218664690748986 0.7351961542048189
-0.6335890153508078 -5.831213962350484
-1.373096654848624 -3.200743378514748
0.4598022659419026 -2.347332003478237
2.7692264173389125 -1.6023408600093059
-1.3480507793346281 -4.0264315510838085
-2.06996528610047 -6.6107297381682635
1.97367246358128 -6.59705261534634
0.06903327390618555 -4.078623474970369
-1.3949063232310128 -1.6879231074485748
-2.038300111930611 -4.857659868888088
1.9914190593652985 -6.674602635586542
-4.93924286106305 0.18880747947971635
-3.425888247171813 -0.7874708873592089
-0.044036702863778567 -4.471161260566885
-1.2678746654728317 -0.7369454951296469
-5.136658407781866 -6.926454137863539
-1.5186387703902544 0.48087962216443125
-3.905904615031361 -0.4603682809300914
0.5834815700520715 0.4390299613333236
-2.34149274117533 -7.600407963420816
1.6289542607062084 -3.527254104499262
1.3071199188736808 -4.918784102817206
-0.7910614608554886 -7.339005430212791
-0.6922441519154747 -5.897149749679589
-3.1221178649580716 -6.670666890908766
-0.18846608609911225 -0.1083862642184454
-1.4375843784133342 -7.7791948754590345
-2.581728366479283 0.7025438930005258
-4.533799435213467 -6.701242698301469
-2.6025675282674716 3.1034040560620415
0.041109202875602775 -3.286872756036428
1.8493838169160308 -5.468941170625402
-1.4812506588999104 -5.5083119559211475
-10.047949848027912 -5.661444479543719
-4.240579488975257 -4.782835784583625
-0.08151446562541823 -1.255189530064395
1.9586962470299476 -5.058572173958734
-2.00771182375091 -3.806592425654572
-2.1857918859815446 -9.855806568452236
3.94382473814582 -6.533078323867028
0.6527822788058438 -6.483898271096323
0.7657371800533636 -1.0766914030748844
-0.2212543966244457 -6.513494519867264
1.0480797085410525 -3.597950329328671
-0.461154068531741 -5.056093152150216
1.1785647353512867 -2.060628478636863
1.7140975736076451 -6.0465424728868085
-4.549680983561885 -1.9881308221537244
1.8201358291190097 -4.037090681257398
-5.636844795988679 0.7847325342441646
-3.921838069981462 -0.5723140999066194
-4.010699558151018 -3.5868811719875895
-5.948375939196268 -2.4102449896149594
-1.8342804392634666 -2.4576484610276403
-1.1705671634363175 -3.806147694201622
0.838653235904388 -2.9643044418069544
0.7176531661752388 -5.480869263103401
-3.601902223952166 -2.8926052001903786
-1.451045643713997 -5.0701818518528095
-3.0688011939989797 -2.078496449739703
0.5425833455348221 -0.9785906672282237
-0.9963961287553366 -2.737782614418879
2.0034511192168614 -8.080413797909385
-4.215093926990917 -3.681732139570065
-1.446376217860021 -2.820201108275674
-2.5515255492365303 -5.529946598487939
-2.6107263955630207 -0.1584824110628073
-0.019287179437541022 -3.0728479524124594
2.0265217840407383 -4.268288525418953
2.0766377960779314 -0.6077218903538276
1.542634053942407 -2.4400143251659174
-3.558329687683312 -2.711988597271508
1.7311597272673533 -2.3162917245643695
-1.2348757983548926 -1.812869449357393
1.5798004428333592 -1.8008151067207432
1.5334641488085192 -5.368031174748073
0.5315266660250864 -6.829005740750474
-2.6259773356507172 -4.06318140689504
-1.0754981183271757 -5.477438961778611
-1.7149581209405655 -5.751047303818927
-0.17352577651762188 -3.7065645486413925
1.7768683558756628 -4.915963468154797
-2.776675852260255 1.0433040846485677
2.624029579056511 -0.39337967536454366
-4.793666086516865 -4.441785455677003
-2.064706875426467 -0.4291618516230582
-0.7004142006028367 -6.76242455962362
0.6628838780908947 -4.467204034629125
-3.8970776369886413 -5.063929523405926
2.13622024225836 -0.043273668748067345
2.6765762164942113 -5.858653741413155
-4.0260446215825 -3.536448730353513
-1.9777358015673348 -4.209338714319918
-0.5481076657467416 -1.455328226436881
0.6943333402809195 -7.18274403504802
-1.7030314371293405 0.7075683445970744
-1.0661987549109715 -3.4612360478376196
2.058864192639134 -2.542870121617919
-7.939169994664027 -6.65168227774353
0.812662127698274 0.2517752191339588
-1.453214531002431 2.7068885807574454
-1.6510681869554706 -4.249889489621703
0.09761810431109506 -4.425420553839071
-3.738136983674409 -8.410677832905419
-2.629013541344691 -2.2450624509202046
0.7665636704494853 -5.082150316104184
