-3.104025314238243 -6.246151981569915
-2.5678665852275495 -8.221401593254503
-9.316008449085075 -6.537782285652639
-4.809689953011883 2.06326389079021
1.000472410730438 -5.215547969813874
-4.030201747889691 -4.423631721375227
-2.1932287720964756 -5.659088448715039
3.694486161411006 -8.93812043096448
-7.242187575178235 1.3876781413182846
1.8480192909926665 -4.502258936809732
-2.528352370331874 0.6564058608187614
-1.4673896093384404 -3.012263866975818
-1.3347927010247536 0.8487694348645918
0.3513059850846071 -3.33053226154231
-2.655097606615073 -4.341612409510915
-2.2277556568805896 -7.1453687327838
-3.413432533479352 -3.7890273239579386
-1.034120172938899 0.805486289163815
0.48760782503977335 -6.625674545026243
-2.9127217473554485 -5.265689685496855
-4.364012784067825 -4.851128413376654
-1.126540720607125 -3.467092757797106
-0.5318307376711434 -2.8521209112038934
0.6845286870653803 -3.395452119167518
2.4016356823484264 0.36775132668173216
2.1162878184455414 -9.327686597068718
0.6220183689578246 -3.3617071499887023
-7.508904102731847 3.2413466934649895
-3.1331725802470207 -3.5586082727426316
-0.08854052040872838 -5.824003519419792
0.6304077351018261 -3.8695119914081793
0.35674826530042414 -2.3066964491393156
0.7501515602257454 -2.98158911699804
-3.469367673892151 -3.4759039455884695
-1.4264181629446286 -3.474899743923474
1.1059672563291794 -2.929098697318735
1.7784498841564438 -3.582437318946702
-5.660382636696312 -2.6344034286210256
-0.5403690242626741 -1.8950562346554194
-0.1685987053985232 -4.830529161205948
1.4873122881926684 -7.132884455385055
-2.0198913500948246 -5.447518695235529
0.14762039263162283 -2.7769275843187566
-2.597557202651743 -4.332204581971268
-1.536066835374314 -2.039597170510366
-1.0454080620387747 -3.0390186414762588
-1.8926235216163296 -3.3453269605733107
-0.7739357380564944 -6.798869314696781
-2.924835331082662 -1.6305765576876938
2.1408873362371983 -4.536282563385061
-3.7644924512427598 -4.854878335439136
-3.570210272487259 -1.0055084440495772
0.6544512671560337 -7.1241242441394075
-6.148365401072539 -0.1362562513794808
0.9549192155606925 -4.4292577814043
-0.5054379224951195 -6.4590594414828075
-0.19078814534799513 -4.961135969114431
0.9399839523816095 -6.2045581844305575
0.46167356023120437 -2.2387235222248933
0.3752463120498956 -4.717914522583868
1.9516533512149574 -0.9118678887683508
2.5994280031867016 -0.7294743377894127
0.0837055001987747 -2.547593097843351
-2.7223038461983013 -3.767889615330431
-2.2397879075039957 -5.467783547217014
-2.5130089207969637 1.800523228712136
-2.0749596078761674 -7.206975265139479
-0.5543994268162183 -3.199992481844186
-4.669377346946376 -3.260354502199557
-4.702888822956538 -1.7497118699602678
2.950791349586992 -6.1055301623707265
2.6622624411398865 -5.8503521816394475
-2.8009903527141806 -3.381913985153297
2.5696762774796293 -1.4768716721219612
2.4808783103296284 -9.384196056098277
-0.7403018341633898 -5.56794604993948
-0.1476408180529492 -1.02663981849157
-2.714604056523115 1.384225328957928
0.44172927895404207 -2.6078274433037127
-3.841491110557968 -2.451197039010274
-1.0938798772244103 -6.812464087232957
-1.2258442632138018 -1.8956968859119492
-3.691754136120537 -0.7973469592417319
2.203418027502138 -6.924055118032889
-0.18595095557037716 -1.3793485781483839
-0.5330055945424879 -0.8300620015966127
-1.5405843887279362 -2.677975996060956
2.6783959660345995 -4.339879009775732
-4.721999717412814 -4.828578114629319
-2.685244175758314 -2.9582828427821672
1.579505925683136 -7.576063319477486
0.7241932794155441 -5.941006598012278
-0.7472124787621798 -1.8440681438214235
-1.2705157151948616 -1.0495753710751858
-1.1046936378775603 -4.708621533598161
-3.896801116962209 -3.9765350257616103
-3.729285799915147 -5.649345589623287
1.2275851062035907 -11.583351605824186
-0.11149431266409289 -4.619906943189997
0.9363864063676314 -2.2001442254408814
0.3937645705836129 -5.535570107254054
-0.4163446168732181 -3.988923675568981
-6.465167622312848 -3.847937246732032
0.9806796296239063 -4.652823220082776
0.3513873318752439 -9.311357033736762
-3.4160302219099354 -7.134840115692569
-3.117925553496534 -0.11990186411470811
-2.6754158046990857 -7.2867030053083
0.9786325383416422 -7.679674888689393
0.8953022073452526 -4.442240758736448
2.3160342701338403 -7.0930804905023885
-1.7461619491481035 -2.5077759465274316
-2.812050588470769 -6.391380609421766
3.0694152930337415 0.0264202345278219
0.16393156990447674 -0.4950283716004837
-3.5569927246523605 -3.7649151680524353
-2.556836051576625 -1.5997566081710268
0.16975897406369672 -1.5015411122129145
-3.5719440145331878 -4.278344474120945
0.41149027888033596 -1.3785410442785866
-3.597977054013754 -1.685089742501547
-1.8014809137447547 0.024583988023964453
-2.506756878982927 -7.469910172709513
1.8437125234633949 -0.09730294348630872
0.7189069438329339 -3.187563089401572
-2.8427777513471004 -2.1818620866336773
-2.0006731828896425 -8.344689668656363
-1.9908074946517336 -7.4712935039235555
-2.2587882631128626 -2.7992888943463945
-0.9743611414769621 -4.451060830936873
-0.536329451332293 -2.544234487869062
-1.6429070932470897 -2.2546772881170525
-1.7518449432003398 -5.782094808955854
-0.7854076347992704 -2.80139099834542
-1.1733538854023922 -1.2995190394074394
-0.7651999431938922 -5.1977847001514235
-6.37675067071973 -3.273440265302614
-3.4411461782752757 -1.9976182889716874
2.128771489083206 -1.2718298803977668
-1.7408480830258672 -5.962135329593606
-1.4347941828098814 -3.9490386748078046
0.12737651755935492 -2.3593049095843353
0.12413572578574825 -6.299838200547479
1.498920040033283 -1.1845473766948023
-1.070871775228341 -3.4937710624147327
-0.8450303460491999 -4.686419907258409
-0.7895975747658077 -5.131247808672136
-2.0510304622565063 -6.950985721744503
-0.36187451590484476 -7.599688230849445
-2.112524021235615 -1.3793380039057126
-6.223957309849467 -2.58382265580778
-2.493802541858145 -1.8337529999122522
-3.5634713183902855 -5.319217160362686
-0.5701776797071153 -3.1323289210558682
-0.22558761422251933 -6.554965028216668
2.693011841829587 -1.1002368119665626
-4.570134057770389 3.6012970996293836
-5.907717870639914 -2.478561607429303
-1.536590775662802 -7.2729543372855225
0.8709859394038372 -1.761686092220838
-6.776580506210536 -1.2632382239832967
-2.145749661156757 -5.3435617523495305
-1.1071622872833446 -5.697046585487401
0.05761450255904722 -0.17214472258935543
-2.1556588244901893 -6.438740290191318
-4.451560347940017 -4.240397646476546
1.372596695510722 -7.220938391795669
1.4017668232586682 -2.2014813948173058
-2.953384006264756 -1.2103310614406813
0.3337017827256399 -4.933003579259134
-2.249843060761578 -4.681793702745047
1.9215784232944482 -4.95755976578063
0.4587435563241509 -4.2186924634205045
0.5311642020302682 -4.125174426311695
-3.012589327354917 -1.7628965315975118
2.289805700577588 -0.39040875539857456
-2.0379174913909144 -5.367939300075386
-7.052266498444467 -3.9450771516218825
1.1467657165500493 -5.838072172748797
-1.670836686129093 -2.542274012950893
-2.02829328769559 -4.384277240505208
-2.767586661834174 -5.94931283431551
-3.4409269909154583 -5.126059141590557
0.6832273558235041 -1.6441659095533934
-3.7411140851126707 -2.1140080701258395
-2.4705960211015427 -3.7821084467029498
-2.431619112055458 -4.159647422336554
-5.395971585082634 -6.380302156548882
-0.6411691625380772 -2.837752078406885
-3.7044115260407153 -4.194706000178563
-3.7007477317594213 -5.16505048731607
-1.628566235885018 -4.318216725147093
-0.03939802909867782 -4.121245868309138
2.3407429585056283 -3.410088996386449
-2.7883485207293863 -2.939635803305335
-2.799395555348014 -6.518255800674781
-1.663199585525618 -3.6519325980083384
0.4316761572269594 -1.0250876617222475
-2.985883935501463 -1.5283175781586351
-0.9540085698471616 -4.699347614156898
1.2203588629180608 -0.6050832403148859
-0.9853070389968938 -3.851594818864176
0.7402629632711349 -2.910000255434891
1.4677016471314057 -2.92947833606881
1.4368507479218944 -2.845103534039049
-0.21807725708276873 -1.8627262207363482
-0.2651871378613754 -5.269853905825985
-3.557035586565491 -4.903429904908319
1.0996012689670347 -4.574574512727964
-2.6066313340926546 -8.658063562953398
1.7373723819194136 -5.4790495919786
-1.3022523141259374 -5.212103649372981
-5.6447439046500705 -4.621689393531736
-0.6466142453458307 -3.9813275513523743
-2.6739022299722 -4.899294913572951
-1.1408045705927212 -4.404556599099219
-1.2983809433357725 -0.14240991570726455
0.7373538024602191 -7.048250547847626
-3.322225152306388 -6.383189791254725
0.721390461519547 -2.2034923645479445
-3.4449668823039876 -6.889177267957955
-0.036890864480540735 -2.302627901950488
1.4160183017306731 -4.73914462645012
4.2409423662626144 -9.15732666033207
-0.6713425975224261 -7.348018178045703
1.6239212112037076 -4.477935128771818
-0.9575043236598052 -3.09986792802788
2.610411914657731 -5.429181626762131
-0.6283427979010133 -4.472833273791345
-2.2472888213975613 -1.1592082139300535
-3.560717304726055 -1.2972733947672785
-4.337512048401479 -5.813486596693872
-3.138122502658533 -1.3665777376434955
-3.0791208732718762 -2.1077452277194686
2.5290102962341043 -8.726536376476224
0.25413547833964784 -5.755289015765786
-1.0849107182249047 -3.822288297265264
-1.900269342764091 -11.148740457079054
-0.4657913749212956 0.03257083437082384
-0.9926183859469834 -5.78186729568297
-8.09967725723125 -4.157780804091477
0.490533021380926 -6.546884036570929
-2.7894621228447964 -0.3664439442193871
1.3574223408614607 -4.63459245790563
-1.4059795326080011 -0.4680641056848856
1.697919235597936 -3.8485784516517647
1.4143417142751384 -1.4227624964900847
-3.339236981846114 -3.111467501262864
0.12956421565492282 -0.7256783490169073
1.828908254159614 -4.756311971072226
-2.914396424326768 -9.238198676733164
-1.896473800236706 -1.831555311738871
3.334062028924847 -6.460817851134361
-2.7211363401295903 -6.318941859055796
-4.296593275814317 -6.713950602290781
1.6301955162294628 -2.3159371020194586
-1.917908887980588 -6.656340626118941
-5.291106134135845 -6.075804726141076
-1.393993400430546 -1.8767481930350391
1.0889781294185634 -3.299916937616189
-1.6049527407027004 1.2880475078379303
-0.4324021234651671 -1.1059096084115732
-1.7157733492787346 -1.0202620544027847
-0.768674506852904 -5.797889477687626
-0.0581982165996784 -7.547294042147424
0.7879707478455483 -3.9030279917834765
-2.768406273222709 -4.97761543611703
1.9997590306051332 -6.0956984914217855
-0.5048755457828099 -4.654692372431238
-4.868327474989428 -4.187847302876066
1.148993075839058 -9.802494594054462
3.408272012938709 -5.966995432991057
0.5155292321816912 -5.2578221467076185
3.0572389336658423 -10.313536734121596
-0.4390917131811141 -1.8475651880465886
0.6891605154670934 -6.308818513810407
-1.061286552088689 -2.6332131097572105
1.9888959095748642 -7.177933492448377
-0.568944723982043 -5.83015557489634
-2.030089859522008 -2.4411228686759068
-2.4843741975235507 -4.150409873413251
-0.7492742479495581 -5.279585292038607
1.0498895215871467 -5.88003366444186
-1.4179110228855623 -3.4981882601078524
-3.9039553365966952 -4.361189124184395
-1.7829359671015372 -0.46754656706294334
1.7312416338732952 -3.913448283377737
2.321184962161396 -1.6609152165935392
-3.567727417186348 -3.0899052848528767
-1.4205983666020077 -2.051012331583753
-0.5199982434635901 -3.379473291634211
-1.8844784685789624 -4.258669074550635
-3.617467851224618 -4.367032064732542
0.02570218302901113 -0.8996985968045567
-2.180121181305936 -3.27090677225816
-4.743473231211922 -5.268150601385559
2.586479102740582 -3.662449739530694
-5.560178531711188 -1.9323334692596537
1.2338398359936913 -4.955578466495284
-0.2724747891313803 -6.907059527091435
-5.032328786526804 -7.016331579680509
-3.7479674208604625 -2.1267219315411254
-1.3747344175651794 -7.004946873270956
-4.910121397742259 -7.02216936645911
-2.2702289190927734 -1.914525560328664
0.5089466200942775 -4.936479455749346
-0.1618735276611576 -4.034107447394168
0.6157092445988749 -5.545115404814222
-1.3400416835285118 -6.686020880451658
-1.840308773502372 -3.0342516586713604
1.837198981863977 -7.157635056072019
-0.8466304721945622 -4.2667942065046836
-1.9383479563028634 -6.455052351640754
-1.9997778652598306 -3.335368554217658
-4.301306903322185 0.4377051409620729
2.629100742504789 -1.5527622219631234
-2.704081236174702 -3.779446528917623
-3.347370995580676 -1.0619008476068978
1.5988847884731565 -6.403794829968789
-4.421977946790875 -1.0097874168364072
-2.6485218205571788 -6.5279335516816115
-5.122643417138292 -2.3365846571665467
-1.3815180726783756 -5.306765566996871
-1.4574430947824486 -0.9265144052636709
-3.3750856292176086 -4.982863142728384
-0.7834947754936511 -4.098009049118963
-2.8614244711100274 -8.255512996182134
-0.07576287930886874 -4.846391281695755
-4.823079127433502 -7.986347750381199
-1.5141051673363966 -2.6316139069110056
-7.768613257155707 -0.8879440382793518
-0.985375889284143 -0.982726197603913
-2.8249710010150726 -2.760763082338494
-1.8071429405317336 -3.30039086076346
-0.6854518722185649 -10.470653043505393
-1.2573817283900584 -1.5698721918838738
0.7328181165693476 -7.711392133192756
-3.8234973047028693 -1.477033095348335
-1.640034143573374 -4.43132347589897
-2.3546350159300147 -4.978829355005095
0.5280823332647483 -1.2630772316415992
1.7432042853489231 -5.533269591414326
-3.0607891495470914 -4.227307984927411
-2.9307916337799473 -2.589136081118632
0.7186673657653269 -4.674835706942627
-1.4938360593159534 -4.966104714635238
2.7918041810153365 -2.197639784854233
5.1633840291494115 -7.0017842772257
-1.219412080750701 -7.599003647691831
1.6836070151544784 -3.401568402250445
1.7278520708377125 -6.684738749439362
-2.7821811429635663 -5.784066497494207
-5.070090648651146 -5.254208190383577
-4.943414023559342 -5.357218034918274
-5.703992964470203 -7.894621309276969
1.7341746938850513 -2.2553623836624643
-4.3554121694260175 -6.346267568920739
-0.9860302744559707 -2.3491906234963493
-4.028523650161361 0.18110746486860194
0.4559083760131836 -1.6759395086728055
-2.884976664521574 -2.4606568634795734
-3.786226835895676 -4.338325671481602
-3.5220902008727824 -0.44881022055270337
-2.8624549120728067 0.49503358282410254
-2.819196505548391 -8.62002731650669
-3.7403375299955717 -2.838950644800377
-0.7077762568972056 -7.760314926200184
0.8813714212401317 -9.311547155535697
1.375947118994261 -0.5888240890907914
-6.217328989501766 3.445492708527861
-0.7653927777155761 -3.832521293692814
-3.972580218228203 -3.980011953411896
-4.091699516694177 -6.005508387496031
-6.022523487919415 2.5840612918449617
-4.5036444154557955 -3.2740640626035056
0.6581475323575031 -1.1420096747531034
0.03199766391227828 -2.9929707831068897
2.34779953507315 -6.150625825275395
1.497544879786275 -10.36197482725097
-3.4572336352613893 -4.063636373374607
2.5831538078335963 -1.6277711767706307
-2.515460922797516 0.5564056107362004
-0.3627534922312356 -5.272236543524954
-0.5054506491681684 -2.9816409028472965
-4.03360062591139 -3.806839987890981
1.2211266496589128 -3.6758102538208095
-9.348647516899774 1.3189570023782935
-1.2474178511787533 -1.4140929283098338
1.0128591031204472 -8.280833813197729
0.5656564844081085 -4.893077916313056
-4.075732814504448 -3.6447082070476036
1.4259883133238698 -2.7666052242440418
0.8046012779186067 -6.911318963785633
-4.2460863720901045 -9.385518001687783
-0.4698813856211931 -6.282190890278093
-1.832837353401104 -4.896456709624801
-4.017519021262558 -2.7129224819770132
0.015513923681722823 0.14482982295680266
-2.4732664709539027 -4.924535544479985
-0.2692733615692195 -0.6547114152529592
4.492660604151779 -5.5479028799139005
-0.9905950276678374 -7.805301575539893
-3.6231834508555356 -4.3739962200836455
0.21581964746887586 -9.522229361338386
-2.9935329646022386 -9.585796494610126
-0.3570177176896866 -2.1178848082175112
1.6776565610587961 -6.971186251789908
4.686389369364733 -8.504000565757408
-2.2134500340662417 2.259916461398271
-2.8980730661753857 -2.707564849425939
-3.20354734372684 -4.144446540564368
-0.8187570896254075 -3.7045657070014464
0.740738181376002 -2.8301909109244088
0.17519317873572476 -2.304375032411978
-4.364994997024127 -3.73448721501712
-3.547334458941606 -3.627068696961868
-2.249960777655588 -4.338197433059477
1.2563502683775734 -2.367040875218812
1.4618162835233899 -1.0218008917548136
1.0783209386904384 -6.827837428211445
1.0051936497106477 -1.1495568167387684
-3.0802028672365225 -5.184203810887077
-0.006666301452171493 -5.208228672630684
-1.0192050474753107 -4.243504878577146
0.4084064405898285 -4.8054766212509845
-1.3541558436589303 -3.083709095555074
-1.4460188880516118 -2.028547867692851
2.0614213299659094 -0.6882071832678551
0.2849482402389608 -0.6041230246890178
-0.15831758014782374 -3.3489467755457207
0.7417346484199918 -4.977068713792221
-1.3045852139050713 -6.72865023615552
-0.6251262298171274 -8.269386917033017
1.7100857849712408 -5.046870179069457
4.526963710757684 -7.337179429318622
2.9221576038125496 -7.409766956559431
-9.037372348522851 3.0741684307289963
0.22334183686469058 -1.754795099571459
-1.1581249376479836 -4.683015967662205
0.12572520926391853 -5.588390452166266
1.1556253215872085 -5.65137631169745
-2.687709363881283 -0.9049188417803261
1.4625552620195628 -1.0906530415248994
0.5754920342973119 -6.082853601251043
-1.5778977704883206 -1.1683676502325973
0.2590317815052282 -4.143477750835318
0.7047202227710296 -1.497567335971736
-1.5195230266051711 -4.784889394414381
2.0227703687112486 -2.271718365120453
1.0460398581138146 -2.728728797924842
0.12680441340152945 -4.063348604987307
-1.2648843094478086 -7.3886177224566865
-1.206264668237353 -5.414162167684583
-1.155228450729226 -4.796377922993656
0.47424861035240384 -3.3954672856337536
1.216655836524097 0.9748205210005313
-2.5213948631641476 -1.1713544130414613
-0.04901228703955978 -4.41203606552034
-2.3973152862346443 -3.1642821359266584
-2.6192664871338285 -0.212700682149784
1.4200850403902758 -3.1139382011604453
-0.18528660037907257 -4.501660011775056
-2.025239139575405 -4.045039534641134
1.136650436045286 -5.263101537394251
-2.077395883327768 -6.976537492536957
-4.3209557574765824 1.3188474199543874
-1.4111232062496843 -2.1089199974228547
0.08079499260739385 -6.262296448264743
-4.9712177926366365 -4.873744848441685
-1.5408922428523515 -2.502095532962214
0.563083364768971 -2.7890725253321613
1.014333305731099 -4.48062376842806
0.9158505907649466 -2.6595725105033474
0.5136776712824223 -2.966750991148411
-1.5232824086996861 -1.9321399858146382
0.7615244773902099 -5.955482821148442
0.3401906642377522 -6.95443746841254
3.6162807372015626 -7.209177133962088
-0.5472318865411415 1.096723375834828
-2.452017821303429 -7.379442149237347
-0.646796170583372 -8.239409480373963
3.259106660475921 0.17553173470560277
2.004923599244548 -5.176323786961599
2.9789451483708396 -0.09446166680566537
-5.189313722981467 0.58943647894707
-4.762341649968235 1.724629819459137
0.28528012538055175 -4.365102487318211
-0.6673153869591747 -3.3852471652092997
-0.8382279300764713 -2.116186444747419
-0.36108201867611484 -3.9951498141347344
-3.5674036355306384 -6.649943498117043
0.09295488912998415 -6.8249077840467995
0.40029817784061045 -5.58063633784188
-2.7631095960458514 -2.737836455943787
1.3898676271768686 -5.415999106886116
-4.607226252911531 -2.679051686615864
-0.3670524058509843 -5.343402390778377
-2.8400694025165625 2.111402527810534
-5.061526025309945 -4.775067272759592
-3.5644976702453453 -1.943570863972052
-4.725084176794056 -0.9753737826356385
-3.7125710736631707 -8.649608589507848
-3.620531547038994 -3.485055572653004
-1.8551841519691554 -7.822479453264319
-1.5383798723043047 -5.2255396697053795
-1.4987804676280665 -4.356509235513907
0.37171872091691643 -5.39953829737917
0.24787845669572978 -4.691600629123595
-5.566669155580669 -3.678911039807498
1.0453533550407594 -2.6900373208976807
0.009792335655247855 -2.381013004935373
-1.540989764755793 -6.729196522761131
-0.16898458559387589 -1.4646659628914431
-0.7643987409249181 -6.948104588044156
1.3419649054551424 -3.4061267875961883
-3.523845125837241 -0.8282680123745315
-0.6114614275602864 -5.67406515237131
-0.6375662982325142 -7.239971176355283
-5.6057670287206065 -1.4584348736538608
-1.8596877290164433 -5.020612476217277
-3.8902869250314467 -3.1835468468136687
-3.831683975198161 -2.6498916253575406
0.7008072352388124 -6.3813698674884565
-2.476130833718657 -7.6340857307234
-2.019750368289039 -5.362813259890499
2.0116557662515215 -3.6003812734418608
-4.342941280334841 -2.4059265160197087
2.107119146167249 -4.906998957805346
-1.8915304220943203 -1.9510329724521047
0.05929042809073271 -3.832521169206168
2.175065671144352 -2.4682032636719566
0.006219531869092144 -5.178109747872507
-1.407656967211665 -3.5536435045504744
-0.2827935447466818 -5.628702809338768
-0.047744511254763 -3.8136451457476066
-5.0673344551874635 -0.017747107847135225
-2.712364601094905 -6.086144048129884
0.4672448414133749 -8.08994926882414
-0.6808951370693566 -4.4008546429869
-3.5981230143544574 -6.1264887143502555
0.2859781893729402 -0.0833112439563457
2.520523679104172 -7.83291809293693
-1.9302455213505572 -7.69065783631094
0.7360506855622757 -6.297291331715198
2.2310003414674062 -9.605583726298912
0.5407782583173453 -6.312585527633451
-0.49756728366288927 -5.727465377544315
1.0822206718899134 -6.858927700694246
-3.201146575403144 -3.8814239914315274
-2.707612603979101 -1.8844905798333824
-3.2748957386736635 -4.395564455561841
1.5465980539044604 -4.375309619433055
-0.8962276710970803 -0.6890176856942554
-0.7529226072602173 -2.931264326445009
1.9074904391622876 -4.519494855734176
-1.240469294193844 -1.8400121256368638
-2.0843518590947108 -5.587432990664932
1.09005102571659 -4.153335043183345
2.6018692689291494 -5.862198554684662
-0.5092138872768575 -3.9348779371041935
-1.6205609200543454 -0.8339633674989677
-0.9920362484017037 -1.2213717598509317
-2.5679767668513738 -1.7515880581737178
2.1016889922833704 -4.17811834095968
-3.8451405601165196 2.02219549453738
-3.912019779143336 -6.368215309281117
1.2771809021625695 -3.7466360345038474
-2.385645753312446 -0.4937345062714419
-0.3874323903474284 -4.610953208406255
-0.1051886207239367 -3.0641106080756653
-0.6717413084551399 -3.7091556226821494
-0.23120379591644347 -7.024632524767608
0.09179304900543134 -1.7526976505695049
-0.21003897247949568 -6.923909520723505
0.6756519650288475 -1.3818727444351933
-3.704738046749853 -1.5436600696697502
1.5923674607219023 -3.3617026403083825
-0.8400158017138756 -7.811625474205222
-0.9784391438483059 -4.37128957161817
-3.4742086700436516 -2.09273620784515
-2.048230432144735 -5.509597915614044
-2.8170266831999276 -0.3007577822935912
-1.393468206037682 -3.650138592419164
-2.4843763922461766 -3.655354549306475
-3.413086915166716 -1.6965279949118293
-1.7337910869272695 -0.910056517786744
1.8283530668466024 -2.8309958498420396
0.6069547080223141 -2.7609245599608103
-11.978566470423488 0.8232782601024041
-1.4994232303724293 -1.0587210746495512
0.820343666115178 -4.932979550976992
-2.2184841572592124 -4.523896605324129
-2.8279776587431944 -6.843188072669033
-5.3272836783868485 -0.6033440686989698
-1.9180298700955807 -2.044644278509709
-1.5076609786781463 -5.005330217216984
-2.587240366796792 -5.072627557288271
-3.0477563319219887 -4.126295687993225
0.49292277223146597 -5.847553047999939
-0.022440575468949116 -8.107709981966304
-1.916422917572533 -1.7255531457389575
-1.0750753907906447 -1.3227621684916162
-3.8343606273620745 -8.649748087302322
-8.373811868825229 -6.199211163086467
-3.1162889810864987 -5.201532603495373
-0.053908591375759554 -3.62897457544234
-0.8923562886060525 -1.7000468963028055
-3.6068558897976857 -5.2700756955353
-1.4400614822047548 -9.166892113778667
0.017798177180963878 -2.9151527035692917
1.9437764899379453 -2.2528101860011103
-3.3945216214021774 -4.772403228369267
0.09945567912696128 -5.443246894652203
0.5467099699743155 -4.767450762665036
-3.527015625062177 -0.4479888767461641
-0.01395895948518044 0.5092480461059403
-4.505754307995588 -7.378046949516154
-2.9430160360739284 -3.9865878749668107
-3.716268027027056 -5.307283386180848
-0.33683467092691927 -7.603749047892629
-3.143994510180534 -3.6859658864771006
2.519077585281706 -7.1139406458562116
0.42697025565276153 -3.042961304682362
-5.648844875599565 -4.653542062862625
-1.5645119950331439 -4.110854920846508
-2.981313306934283 -3.247372083233408
-3.694336453484923 1.4571571294139012
-2.5215981281547646 -0.6909462253052716
-5.795717502500949 -1.2667811447960378
1.486797566700573 -4.398580572318969
1.5050236461000703 -6.627332437562321
-0.3888801387343794 -3.578778847877439
-2.019326314757195 -4.733399816598663
-5.411170665603024 -2.0825027855344667
-1.8295385285522632 -2.5980219504619715
-0.22969581297792332 -8.453182384914081
-2.9132411737737702 -1.804066590238976
-1.6384521894874242 -6.2119690620168155
-1.6927265029931111 -4.155186244690599
-0.20438400307119808 -2.782808389702262
-5.606462519770247 -6.553870657664389
1.6024320876120295 -2.5322270759835352
3.7182440489473967 -6.54567370164388
-4.133689574535623 -3.131641784001371
-3.863474811323528 -3.054257632423853
1.9994006490034046 -5.517290387371591
0.20645542249832236 -4.791210446414972
-2.2721706980526197 -1.1133958702117228
-0.6271097749763616 -2.169080077785988
-1.4754416350264283 -6.280814951754097
-0.9374546492839503 0.6362526443163167
-0.6019086074164764 -2.0352077318657775
-1.0648426660555406 -4.623416724379972
-3.48756067394794 -5.692373700233562
2.110335503106256 -4.278606587185277
-1.329387073505814 -4.95812796407333
-3.9815442657147178 -3.013310161906594
-0.9929179480056977 -3.510351831407768
-0.4597297140342821 -4.8402996712468065
-2.0613602423971007 -5.7514084592879104
-1.428022156543904 -5.190872980512575
-2.4995615076370687 -6.157836395184041
-1.595625941909859 -2.630204780154856
-0.308422260044225 -2.7482358608122652
-0.43875100702626946 -5.6105271071394025
-4.869328694464755 -4.988836452842963
-1.8414119396208268 -4.515225553968679
-2.170180557898846 -3.1495254187178876
-4.0280180301674875 -4.909668757786085
-2.689984793683195 -5.999129553219173
-1.9706881225207558 -0.7274517001015554
-4.028207950925719 -5.89136504307248
-5.388102555624371 -3.719031702919835
-4.876512295300714 -1.9373822304510735
-2.5125559263567827 -1.641837881061022
-1.2672602921419558 -5.798250207044376
0.30830927372883776 -4.481926533525274
-0.12320712900580633 -2.4510886086763493
0.7120682321968412 -2.5212100119088103
-1.2353722606892465 -6.89768132007774
-0.09805715018805537 -9.720153968555898
2.952745439532847 -7.653477668609151
-2.869477687864816 -0.7049202042435779
1.202523509075362 -6.159381333645158
4.417845474293372 -9.176491193870415
-0.3875537042823258 -3.654661371202067
-3.2997731728325737 -6.024346845908408
-0.00929765046996093 -1.6917529835154956
0.7105539381413589 -3.144280617994143
0.8828039224742096 -4.925635306012609
-2.398646787327139 -7.568367610261055
1.4546618291913087 -2.6726901011924484
0.4677035555680358 -3.9804962295029065
0.5550730979511226 -3.429141947077784
3.382525374728842 -3.7513761833804518
-4.2386529421953725 -1.7300759823845133
-0.9663179942282911 -2.487729404459222
2.247825597637046 -4.095372795323875
1.0918888334625756 -4.505979108687026
-2.350261003199336 -2.4296710209496233
-0.35044456044806854 -0.14998341356214132
-7.684947714853493 1.0196542575345242
-1.3859050888651443 -3.9996109645087627
-4.009333626349573 -2.652895112774829
-1.6204170671336589 -9.002719399820306
-0.5247255971649739 -7.127722985037607
-0.9398659376067402 0.49261848046544654
2.7273131121248317 -6.1145353933520985
2.4031537308921846 -4.745288336273396
-2.0751753006997693 2.279876747374713
0.35729712840649996 -4.326146384020328
-4.9638735151873306 -3.700914388128928
2.963510935867233 -8.05394493914659
-0.016494413614495638 -0.8432670833508388
2.731099916481141 -0.620686609624163
-1.9274946411993314 -2.977700238462327
0.13134983315411783 -6.274461978903187
4.323816744935996 -7.341282111799458
1.9873629495581606 -3.0482988118302003
-0.4183037323208656 -7.3482629483872035
1.0509064502457615 -3.784532753907251
-0.8482690773412436 -1.7298698536676387
-2.205351406411524 -3.8231860256925305
-1.5368908157480239 -0.9285255514799144
-0.05167774673607572 -2.888726053155697
-2.1802270265283004 -3.7838734109847447
0.49735311348265976 -5.35801922208421
-2.2010192188996887 -0.05296523067000519
-0.6722348676788533 -4.876804574123396
-2.37910766755077 -3.070289078515721
1.6897549485968137 -5.929810484962396
-2.548451033330665 -2.710090183717828
1.996220285004582 -6.963422583631689
1.120359345298652 -4.643581275642533
-1.7803018758435347 -3.686590038336764
-3.602924551808315 -5.80171700704253
-3.8098462624880227 -7.023653393406476
-2.88883311751674 -4.154727489030716
-4.503472508011072 -1.786534455876001
3.4082075399624183 -6.8978407038528395
2.195535761750036 -1.1532434145959594
-3.2145436245585164 -1.7951967983288355
-0.482832984639345 -6.919888034608406
-3.152826000215811 -2.2322003858500956
-0.6981236520822028 0.9657699731230166
0.44317013777118974 -4.725017014212522
-0.6557660673127546 -1.6705632830020236
2.111920543709913 -1.3480017260877775
0.037537152238101223 -3.1165675743345784
3.058965647904102 -6.2888784009363174
-0.9568091096134741 -7.3322665729117205
0.5852899101963653 -4.401151454433755
2.117327978343311 -3.580649094889127
-2.4950955309943486 -5.017721915800961
1.6840513026483843 -2.969808878110778
-5.783272286832272 -3.667292322032688
2.6715044372416363 -8.073966843452153
1.9795271528924157 -3.0795198666137193
-4.707784435435499 -4.315625565062629
-3.4588766899048413 -4.999876839440261
0.631645454735277 -5.746508463706261
-0.7284553948743031 -3.6179910778157094
-0.20559416553032908 -6.967406973296768
2.6002670481073547 -7.097374311758051
0.04595125082042205 -6.762612639614512
-5.722263019146453 0.3891243466625068
-6.3628107137532055 -6.8125416813304085
1.147060748316178 -12.004881258979603
2.18863810411031 -2.4406989100274306
1.1994739837693085 -5.96208356765785
-2.4965027004188873 -1.4498301185775007
1.4284542534142157 -4.119416400699464
1.045276833187017 -2.9408244532671826
-1.7428990823819963 -4.074661084485053
-3.416925587705663 -7.965579190538037
-2.310380396934861 -3.7598389246359836
-1.4481226006086563 -4.177457328831105
-3.415701443234539 -5.78722970558268
1.4826514410710838 -4.637314574071889
-5.473700386183097 -3.105861107422918
0.7606311357175738 -2.550415681912091
1.0799225142523876 -6.631666728077778
2.954019489280326 -5.630157498325099
-2.591627483829115 -3.298758038304944
-3.4905040831141183 -5.918641156083457
1.0844511927725757 -4.45833039100869
1.4346359969046456 -3.249572556897876
-1.5885451270971493 -7.976824955841119
-0.15378836674705124 -1.4320006257187152
-6.795053614414556 0.9752442994507576
-3.0474746484703137 -1.6669113802837743
2.3280913233687666 -1.3110449827632813
3.2684622871226443 -6.045212550345152
-3.171931626901867 -5.050475782895638
1.2964288930845806 -6.610549766022708
-1.0189711500618732 -5.201832471745423
-2.595384161780942 -0.6072997257681918
0.7307162595591303 -6.621494232615709
-4.550449103774653 -5.544773368902651
4.076699069361936 -0.7768513922008746
0.8867289231240388 -1.7673367452543776
0.41250494854773423 -5.267320566367999
-0.8004943920347645 -3.717793935742302
-1.4070844097755357 -2.478445940528758
2.671430177898073 -3.9278260398694824
2.411044808498644 -4.6387881498899395
-4.647328932152902 -4.799503522929073
-0.5028267801794191 -3.295844348455747
1.1664809140459336 -6.222739412265905
-3.5937183925458385 -5.558341093685755
-1.7469246791588096 -6.529246075713136
-0.021437381606745708 -7.776394656639667
-1.6873109778092614 -2.4079465334938948
-3.134629303367817 -2.077446573137303
0.17700932043675233 -6.698026176637148
0.4643515716278438 -6.785938662939024
0.7272124439143959 -6.207583650101663
-0.42757801597125006 -5.685026546533233
-2.5270149566551803 -5.968944963049748
-0.7793219239449062 -2.224077695077713
1.265013728605893 -3.8111035818803445
-5.354918695786623 -5.15594912783459
-0.2644533349371731 -2.929353137245088
0.1824995051116354 -3.61692337175834
1.0264149145520345 -3.5354911551379846
-2.6541314954897506 0.8119817487227737
-3.516938538904655 -6.145961378730331
-2.2130478359603107 -4.554194143684689
-5.285360427974325 3.229684206915295
-8.81394897496611 -1.7721561479303425
-2.519200515674655 -7.30544597731933
1.4575836194055252 -3.7114994197802322
-4.354995091333066 -0.8534192428387062
-1.0792621510873206 -6.237578455971376
-0.5323936976111416 -7.411122702027437
1.649587222217988 -2.3367818824907993
0.6669721025840538 -3.0072068760607515
0.3817630642117956 -4.039788297744388
-2.4626971716568 -4.930625239825595
-0.7355469334555528 -1.3528937751102288
-0.31856536510053984 -3.0879906354346236
-3.4938437075897473 -4.980671027600867
-3.708637526212741 -0.23659217234472868
-1.5105868314186783 -4.983140617780851
-2.321196725102212 -3.056614037525691
-3.123382931446969 -5.542548189156129
1.294248597051975 -6.319219816216313
-1.0929704825066584 -3.7272502126726366
-4.077877685357819 -4.7213158766832395
-3.4741538609175255 0.13932801645736437
-0.9211617414628254 -1.470003588949055
-2.811895979018417 -3.1075812056724628
-9.549273133323751 -0.9733562562946684
1.9292837565245828 -1.2615018280102157
-3.5815862463550587 -3.3576513465263815
2.108759446475275 -3.7675766990345094
-1.8131420972995331 -4.834092866977412
-9.640034461721555 -0.386617932228157
2.9644300105502586 -5.064123715405486
-3.552754450312875 -2.5951278995772613
0.5761508889765704 -5.530651571825879
-5.0317336419442995 -6.228532682732024
-3.137917856383496 -1.9165442931887018
-0.1421019220266693 -3.4869849146642053
1.4402174843777398 -4.1251728202787605
-4.067412264205913 -4.0057973064714005
-3.255765061085811 -2.9026654962660676
-4.268844246814382 -7.139271513516691
-0.7117037549022458 -1.1928172725305006
-3.35029012328468 -1.1405362165274682
-1.7628112132843516 -4.7016265729072435
-3.911680425705541 -2.6204704091652578
0.7697167838358748 -8.133790835913459
-0.13711459073560697 -6.173233179052413
2.7214285359456047 -7.188162166184025
0.17858619619916244 -6.058560199764287
-1.5251252104011432 -0.22518862956318275
-2.6271001656041766 -5.577831465793323
1.6022760316900668 -6.5819959711699845
1.3914625011608588 -7.565027365948417
2.3431737659756062 -4.878460434102003
-1.5006920636117942 -5.6265312006939165
1.9137018020192322 -2.4355667915944115
-0.46297301916096995 -3.1084548781066097
0.31594559993665366 -2.342276566028131
0.8618855035251864 -8.167154345616266
-1.263262247537242 -3.176422841259542
-2.956468068047599 -7.399622504175154
-4.9249058256073255 -4.414916521390987
2.629649333005815 -8.384622814690324
-5.55020152593498 -7.573496753009944
2.1997945301635147 -4.614816407242953
-7.876637011282369 -2.0540048462074894
-3.7526402078107286 -6.186900520965543
2.474499319188097 -4.743892831408413
-2.830556566227202 -3.4664546955246203
-0.8356669781637154 -1.7627620767041698
0.31692186642119635 0.650477656215088
-3.145700907776203 -3.5538718921925927
-2.5627507205658735 -0.46992793563118535
-2.1079720127481356 -4.690703935528882
-1.6732181198424319 0.2980157546148797
0.5435751486135978 -6.854323903907556
-1.2353405978231398 -5.113780038965001
-0.31174127523846157 -1.4519294807831713
2.217274024374674 -2.0793879080992057
-2.8312529492850875 -3.3596696629394263
0.3333193071046872 -4.661535893666127
-4.010980451722531 -4.074493957126496
-1.2230173414877616 -7.161047084754847
-2.481307860104906 -0.24336684143076726
-7.439860623479774 -1.2123559547688383
-7.010700634639363 -7.923072962514592
-1.7937397609912724 -4.087299054666878
1.4628850757496672 -3.2877944138463473
-3.446170265934953 -2.939849950967777
-0.06441584697823585 -6.359095713922242
0.5148831394006376 -0.7154307334897604
-3.879731927714389 -5.464526566688098
1.9419625604655402 -2.5173405311293484
-3.4036415850344643 -4.257311359069915
-1.726558445566781 -2.751414600047285
-2.119600771772298 -3.1365862671452005
-3.4340970636144026 -5.6832084611653295
1.5314171738403242 -2.3425758578866533
-2.303419331445497 -2.5856200551766415
-2.7483383577102534 -3.509886692413768
-3.371753000370944 -2.7363555507515014
0.6709633197932299 -1.3475771200839026
0.11833144731988847 -3.55610608611997
-0.7567182990406569 -7.169995088909492
-1.365886922139112 -8.978939481901696
2.114764352976209 -6.033386928273694
2.829839477426446 -6.301960707016811
-2.37386503928326 -3.474285895592758
-0.9500814886820173 -7.260767341530935
-2.264292235862428 -5.7764247937760596
1.5024399778340718 -2.0540357062937824
-2.0630877585130354 -2.985690917966707
1.2249550031242644 -1.825205708586193
-2.891151719985871 -4.688086619693217
0.5809566835388716 -2.1187723994704264
-3.9284026118870803 -6.616765843016923
0.07616969226199835 -5.468070771400965
-5.564145960619257 -3.926968935990124
-3.6494814506706637 -8.072629320517883
-3.65324067803384 -5.70863839935041
-2.768289032282198 -6.086155220553576
1.6824132943913521 -5.96893890393341
-0.3497029269041579 -3.3150360979127207
-5.114102589169875 -0.7316718091718235
2.159167488674299 -2.52865818500779
-0.9321433319691013 -1.7397103105506146
2.078353623138809 -4.7027437103686704
-1.7164825106625732 -0.849545837851935
-7.349920970133525 -2.3330370388341666
-1.86120120772236 -1.3581863701270678
-8.109137162216825 -1.2599672551133807
-0.4601416197669156 -5.177864161698915
-2.4824099727016464 -4.648728870058262
-0.526234184968985 -2.7137323028174034
-0.11390416951327667 -0.505229174570599
-2.0425693130032703 -7.635829739298851
-2.258776779866509 -1.826480338461743
0.7000962416565809 -6.7215917766845825
0.3455002401171609 -6.188695943510697
-1.3265045281638383 -7.9705339790786605
1.2071502593116317 -3.312313547464817
3.0319691411602316 -5.404287744532144
-0.4410810970956052 -6.32790124111277
-1.6253884401766645 -3.455563090652708
0.53438447290334 -5.970201050209032
1.1225175344460463 -2.627109077781824
1.0381951723470588 -1.8044261671892614
-0.5870358682535799 -7.480615856040433
-2.43104399017112 -5.426769115364358
-6.592146296624065 -2.6649392705417805
-3.418737330724384 -6.466545719940503
1.6973954336183674 -4.008383973359016
-1.9092549131034393 -4.727636740328282
1.3854372239592432 -3.439988857726856
-0.4459814308432759 -4.269545223620382
-0.45424616236110216 -5.7932764604396185
-0.1992668471828412 -0.45096212138230896
-2.3058414446381765 -3.5102287426074135
1.0734296435810502 -3.35742213590326
0.3934617973922053 -1.1646236303822206
0.7330729497177084 -4.5060561973623106
-1.8725697748198518 -6.459781663087292
-2.8668220975251875 -0.7624466451282402
-9.21219583679543 0.11846184247330757
2.0864179108635166 -1.8559895993915907
-0.5323120975351119 -2.8686503644393384
0.779184935845847 -7.526902122369395
-2.1180922465191405 -4.097892379300532
-1.661088604455671 -1.2590431561392113
-8.430636642223973 -0.1797806082656828
4.107147933034141 -9.87083436547771
-0.30743103822848683 -6.106848174763066
-3.4915874685363804 -2.7343448957612675
2.1841885157094643 -6.7404176813105074
-0.9159292181308707 -5.577984441897708
0.08764542557317119 -2.7063895943675274
-4.107588833770478 -1.2796681485220596
-5.930451572883285 -1.8901148772482654
3.12610922485669 -7.276207499908887
-1.677580193861758 -2.9942894907392734
0.5772123904641684 -6.574480905213054
-2.8912261686997316 0.4834902661606374
0.24674940168624393 -5.966461946520078
-0.3292486477270846 -1.052495193824602
3.0630396745774524 -4.332873741748932
4.125085921263164 -7.814349557796157
-0.754207385661218 -5.832761453618447
-0.7293055401369348 -7.217734957573386
-3.33201204212584 -0.9961230160644771
1.934988143540664 -4.712718250345062
-1.1853691453253963 -3.319389298260398
-3.2199648150061795 -4.426694910312352
-1.4554165405282622 -2.8482915572134155
-0.3632718913379878 -1.1522629821041146
-1.3340540370094662 -3.880135785354352
-3.9182809202156084 -7.891979145275824
0.5253880872189282 -5.183702596461997
-1.0897192617651403 -4.015223818595719
-1.3290112945085615 -3.733471818581794
-3.0451064389556 -6.214870274602167
-3.008152346625423 -2.883838721913082
-9.103525391612507 3.4686507605890933
0.9287483384721322 -5.329716295160719
-2.7364957475235347 0.40939256838435006
1.664327715570138 -3.133456517016986
-1.689114867295047 -0.010468207272786129
-2.8659471042313673 -2.5965259228453785
1.8715501842585662 -1.2606885891396082
2.251996120953961 -3.3588570977437606
0.9975343925745644 -6.332096736463482
-1.907542187703712 -4.184270948169403
-0.20694717790624415 -4.391633333014511
1.0824861009890576 -2.9441449539715125
-2.3056862562249454 -6.498669628291785
1.3726786510695057 -4.901549938576306
-3.1081159011687594 -5.626690814771122
-9.307802126896178 -7.039048893375429
-3.161496041638387 -0.9072538163250689
2.8201126807321364 -8.539622895359736
0.5003520764042115 -1.8647759301587705
-1.552179777466009 -1.7115007538517308
1.1944679529918427 -1.6585343369228622
-4.091189276884663 -0.08413063713140315
-3.996126103961814 0.9837992240025398
-4.141865246936035 -6.393369032152189
-2.1893076212808755 -5.8919257660455004
-2.3384658776030993 -3.0425006054001935
-1.682955409210138 -3.726096037554117
4.576830320230498 -6.862462718194124
1.771256860417139 -7.100794118083549
-1.258428106986273 -5.37953433406362
1.748374261399746 -6.315576285609203
2.2934565873793527 -2.6305815439142832
0.7048482387830429 -4.331704960357142
-3.274649964536622 -4.554007821494909
0.5665765606899379 -0.37182690109310623
-4.875515593734988 -4.946671422513508
2.051018562623255 -1.8554006478466445
-1.3758238049845632 -2.1856454793374254
-0.5096662770895796 -3.310558668498029
1.6430340942896886 -3.5997671932931525
-2.532191126476832 -5.842056495326623
-1.6647674316363352 -1.807644026121354
2.080337534097878 -3.175268297629426
1.1180612515549053 -6.166634702325946
-4.055525667746792 -2.3999398977205053
-2.1371775633109853 -4.662361598290642
-4.621949090880747 2.432602278503627
-3.8697557763942427 -2.809654303750311
-0.758568547038138 -6.159877180375537
-0.6667851245936024 -1.5100546952856033
-0.09529614196422717 -6.1276045292329915
0.8364786468320201 -4.816452876646968
-2.012172631651752 -5.25506624348091
-1.5435879728631225 -1.425205879760295
2.174604040012809 -5.911367416837491
-2.333606413822395 -2.5521050260628115
2.1885698633656996 -3.309052441693004
-1.490196737263347 -1.5771540636331047
1.2574806632947992 -7.0003926051471685
-3.467667539922545 -0.9794350946586907
4.029857192362499 -10.859137081182487
-6.946028820502534 2.6177959037403125
2.670220593785202 -6.519117013474915
0.3619764190183752 -9.088112839435361
1.1683600323540015 -7.927719460115891
0.9628536293178197 -6.525357179865928
-4.872928306891552 -1.994742039527691
-0.3144225643047924 -2.0041809975160483
2.7058079020516734 -6.865874628812437
0.20514536592843033 -1.3063109577122214
0.24682888045292328 -3.1905665782314583
-1.0575541368993275 -5.691329366324786
-5.04361855306 -3.527240961446437
0.5491450779242653 -4.192794587894056
0.2731022534146058 -3.855660529788191
-0.7415289248413476 -3.2595849421389556
-1.4087697078153245 -5.160356546502024
-1.1232463841714808 -2.8198066828779154
1.6763470206520164 -4.187205643393134
-7.57901330460696 -3.320397859359179
-0.4934687562698632 -4.7297184007137805
-4.74663644980032 -0.5603043868405752
0.2844047170676018 -1.4084670747661316
-3.8205209442167956 -1.396603777095754
-2.5640169601235248 -2.4039577734202635
-2.8292092270447573 -2.343665835593251
-0.18066218530952974 -3.4807432640483036
-3.263603920798261 -4.639809218441903
-1.127795565347242 -2.1293884243915113
3.2837707182942344 -7.195723544025515
2.680487347284113 2.083607081366499
1.2688143756918318 -5.2246311281332245
1.4730329308179217 -3.394566760061083
-7.0798805577965 -2.7121459444249854
-0.360575914681846 -3.8447505840617264
-5.641466786945756 -1.4720843710942295
0.45555496533290746 -6.305105316631073
-5.265051653864802 -0.23163573886519534
-3.3376882399718113 -2.809202238577377
0.9814918178214921 -3.8848581627467036
-3.0361660824489296 -5.579576642030399
-3.555002022348916 -3.0301122414989416
-4.833211424818614 -5.844339612858784
-1.003172058522836 -1.4265478138246421
-0.9385766946099359 -6.750445963390965
-1.585856697300145 -2.596301596834116
1.8575942616259191 -3.919774246610757
3.455089433588312 -4.271011183962237
-2.6450584689534513 -6.911100586038231
0.986484702423254 0.15729992204376197
-2.9350059913681865 -5.210778445387326
1.8659537605110326 -2.2136401999871715
-1.5103136328011717 -4.06594029281416
-1.1594158743282041 -4.774596679235478
0.008351324042990629 -1.7946344193011705
-1.2076705136525452 -6.464399102406526
3.349582332294445 -12.151845997661844
-0.8229484562516237 -0.4164116248528794
-8.865114366610513 -1.9130607839545566
0.06383207027306467 -2.5887456817936987
2.138941029310018 -2.3362244281483204
2.1412213950054015 -10.127918216545464
-2.356564306422712 -0.18345417964061525
1.426535609697424 -5.351432637505818
-2.534124543121394 -4.688129516167988
0.1920632463630195 -2.368447621169494
-1.031180691336772 -2.317451987143642
-1.8787326167934855 1.1724187560693786
-1.282718126446966 -7.610627323614359
-0.1691336553868301 -5.460506164460725
-3.6254967890982783 -6.674264686312643
-5.049017903750993 -3.0761854697804036
-5.899436557539758 -5.228046888482636
-3.971600205092671 -4.66808342853494
-1.909410386705432 -2.9022348257205013
-3.587147547481337 -5.730010562699132
-0.35686393461097077 -5.025300829585927
-3.1568053107289136 -4.18727360312256
-6.12478038041607 3.5754127190281557
-4.310359087515522 -4.375801736802078
-1.065545789220565 -7.395260723719409
-1.2369224389345708 -0.15235510787192344
-1.8069120278276647 0.5538774459433697
-2.6055274298091153 -3.711939527079346
-0.25840165081623945 -4.5380709921778175
-1.0407863049532868 -1.8286430860421825
0.8163284491757986 -1.6643577252718447
-2.3734530572774166 -4.020202508220714
-6.801953965593896 -4.010345007046627
1.5439456771435682 -8.432148100671089
-1.412146853155591 -8.964702421457385
-1.8454125870412814 -7.757432261701225
-6.076104543202717 1.4935778885903301
-2.013981286221864 -3.516710512421823
-3.000560336051436 -3.4097816159962355
-1.808254285554853 -4.553824805607719
-0.5234223688841274 -1.225244881435512
-0.8648837155185024 -3.4158434173923427
-3.715314113795984 0.46989449389113996
-2.3664334660526833 -4.725530988623808
-4.380793317757522 -2.6214649199040774
0.8496138144202939 -4.6270753463733865
-2.2894282919860705 -8.338673174295538
-4.481959237919483 -4.149926072300754
1.5572970389126222 -8.974841870125264
0.30350526914447995 -4.927010578229054
-4.011978737684871 -3.712695609101082
-0.28312408006313233 -3.5363064860532396
-0.9492455678134922 -3.6380653804610015
-2.777285449914388 -1.2158042856886149
-3.437214193169766 -3.9084271411825116
-0.6617389490202047 -2.8484130098684517
-1.4484413699378114 -5.91969262105959
-0.442821230862464 -2.875263590577181
-3.5701260087410565 -5.578330575534626
2.824108177193821 -7.156792365425287
-1.64538802772006 1.3539999684630946
-1.7223164364512518 -4.15501943097563
1.216550918149664 -2.8533657826772623
-1.8590245080467442 -0.895286817532729
-1.835306716692728 -6.385826037742169
-4.008570777804351 -3.537371600780189
-1.3601349763199129 -6.9311738312614555
1.4548351220806803 -3.606872004366888
-3.0002764960101875 -1.7971876926945864
-2.4334283651743367 -2.5969820508785446
1.6307066476546477 -3.772774641053013
-3.771134287941166 -6.137827517488655
-9.07150348798423 -5.230613046427556
-11.38495632588031 -0.2678660240490927
-1.0850440736795837 -6.140511368147994
-0.8353034486851957 -7.750159893902093
-6.55131301298438 1.8644752338107355
1.7216749833739577 -1.007697211778725
-3.093889345191045 -4.011855459545549
-3.968958773580042 -0.5656578281048492
2.5175427549033595 -4.087718510959524
1.5474197129936722 -3.931716949617611
-2.592842416310845 -1.631866890620616
1.480003597832194 -0.3734550275298655
0.3716915968219464 -1.1452739401398278
3.280393481244217 -5.210235031577002
1.4864900590865342 -1.1991166509659317
-3.246865543843555 -1.595370750626472
-2.033842259210758 -3.282665253571617
-1.0663841947753245 -1.2710637174057955
4.589600096874604 -6.689327042719825
-3.835684439675177 -3.836116447606339
-1.1102070774473423 -6.024754097168364
-0.1721169632116077 -5.597074985680424
1.5508004977000804 -4.929602394627061
0.8890121632667696 -1.3551033492810745
-2.1915658688520385 -2.7060708472058668
-3.369976604506761 -3.951493435599594
-3.5892694392032216 -1.4462367579568356
-3.840256915289317 -6.97090608607812
-0.28438608486068573 -5.674581347421875
-4.419440657827053 -1.1959481331643567
0.5180720397817279 -3.654523408539971
2.396002620377771 -6.014568972241622
3.4682187367227746 -6.53987729801266
-4.035751261985951 -5.3362499667959105
-0.4385912753175209 -2.8321656675186735
-3.571501356413251 -3.035225865549488
-3.4540663610620332 -2.127419720675413
-3.535066675594209 -0.9083455562750598
-0.5810408343638193 -5.1120966920186275
-1.5041468769183413 -3.35240634901486
-0.5227418296644833 -4.949351305601965
-0.021161172590197747 -2.4969886902056233
2.193288084839664 -4.000186402416173
-1.420612842045074 -4.3590977802293835
0.04503384556643628 -2.374882796300403
1.0098127916631365 -1.6587994113793934
-0.33207330465677426 -8.334042755412685
-4.885204324548184 -5.137017922269819
-1.446071573923277 -3.5167681325594984
-3.0558760637244693 -4.63174975708681
-1.350399197949756 -7.7933555229731875
-0.32756811884303316 -3.064099639567419
-3.138728615242656 0.23466015573510962
-4.087877913848445 -4.4834366389452756
-2.4358952979639388 -3.3706538638878776
0.9437259674651836 -4.267204203010704
1.859745247990943 -5.6065688105486915
-2.1102944159210186 -1.1800609951574197
2.1584376696708456 -2.4898326141418807
-1.2609841064499112 -10.432860355911451
0.4012388092160673 -1.9029005078921604
0.5287586437354856 -5.476532808358147
-1.1235474753181625 -3.6401305767810106
-1.9429446445240335 -5.655686407572821
0.8009100597927835 -3.3856993232200123
-2.884158028301428 -5.489777004758468
-2.264170485796399 -4.034265704863112
-2.1088380285227832 -5.618749908794703
0.3937113083711946 -5.200850518232307
-3.2958457278535604 -3.6578095311365955
-4.816510618667266 -2.864438627115138
-2.351783381238079 -5.738614948058694
0.21538539245292943 -2.2894878531761194
0.18599068111770056 -4.956742910097793
1.4777332849203044 -5.977555334331265
3.289999050354111 -8.242882391876469
-3.0853487770396844 -4.836516113174366
-0.532475733727708 -4.926689211484397
-0.8881030671883258 -3.342066643679034
-1.6630979735498959 -0.6931661697246236
2.417643661162941 -6.49497778842729
0.9834402944726289 -3.8119812763533405
3.1467673051874945 -7.4089983580681595
-1.7475933472237277 -4.131574877345583
1.9975479785170471 -7.164821724577558
-1.4861151143161637 -5.014407854528375
-3.090091375236512 -6.8156811538184385
-0.46524778678146167 -3.3581175064753035
-3.3563735957429093 -5.207777123805693
4.663926089586226 -6.109192924737329
-0.5727582498380317 -1.5687269279896958
-1.0230190756725794 -3.3623001096844414
2.445980845521958 -7.830867084540736
3.831132899472691 -5.949833426584688
-0.5142850404009498 -3.1133295579040614
1.302361460142634 -0.9524721412331293
0.19490279281166029 -0.7669800516289808
0.946925019659886 -7.284467132027365
-3.413382824028574 -2.5662075152450514
-3.7605448796344945 -4.714888186303152
0.445095477122251 -1.9796471401915998
1.7880471796818536 -2.8037347154259766
-1.4006872866651894 -3.8506070121464555
-0.4472754891775428 -1.248943186845081
-2.514008989958669 -1.9792838156994854
0.7714101260312272 0.14573916735225884
1.3047747777932408 -2.013278869753546
-2.9807623870840985 -5.6929703961308995
-2.3928299997350995 -7.177034954858147
1.0327383432802288 -1.336569456834066
-4.132318901845608 -6.9625579311741905
-1.030869926930564 -5.0203326556508365
1.7808424588583587 -2.331748965896123
0.7954503346727787 -6.170485277541941
-1.3160059234884476 -5.356299316752133
-4.783842073212682 -1.1386340112304527
-0.041829257204626075 -4.773645915446728
-1.0867667624232387 -0.4049419780364762
-4.053463104744623 -2.6456672544724635
-7.39538523376558 -7.316808873684962
-1.128900230261451 -4.615561267515146
0.7096425893973328 -6.148843045868634
-1.7411113793279613 -3.847957858958227
-0.26351181849192135 -0.8273055471352023
-2.597098884233859 -5.113385308734509
-0.024809404573375524 -2.787528368919912
-2.797361189164946 -2.8455613614066007
-2.716748654535181 -5.7516500366658665
-0.8012041858194012 -6.497523155438753
1.3713032986118059 -4.926375801725276
2.576253578608259 -4.840081654700457
-0.586040514162875 -5.117457284991108
-1.9592982521601106 -2.176645996732193
-5.04196148771284 -2.274671012079971
-5.8495757338583445 -0.34056512907403
1.2696279112596325 -2.0537633549960685
-0.8866591055163158 -1.695601909027112
0.40171419615654685 -2.1066654640840135
-2.924885876330649 -5.2080563171776415
-0.4088772327879161 -3.768662723463952
-1.6485126274971977 -0.4661318216080806
-2.2976412836559357 0.49543466308213835
3.1807130624894735 -0.2872894334349958
-5.20712052037274 -2.5965096492025834
-4.185786452461912 0.2344855999317474
-3.473939671454915 -4.680735355678519
1.4228790514643344 -3.218793221680423
-0.05473853429725773 -3.0361839444570893
-1.4112170825626296 -5.7455539459433105
1.6720486010299989 -6.411775728971603
-2.8763951905936698 1.309248096589818
-0.020494031540238572 -3.972417611461424
-1.8662314906716522 -4.04461306999076
0.8648179511361456 -6.065543856060874
1.564639420703187 -4.806678995301165
-0.4495697876176623 -1.3278197053637568
2.0333040381093204 -2.6338293713177285
-0.8694935275084112 -6.0518588990463345
-6.230349858022052 0.10486901236855721
4.024826746295687 -6.026499443030044
1.687568086968141 -2.2899254523747468
-3.1403707636936535 -2.840280138300113
2.389053203309302 -4.681746096191883
3.5248885613228387 -8.883401262314388
-0.8162955791295309 -3.985219580867727
1.2119209846766092 -2.512014121893144
0.3345724472012674 -4.507258112305863
-2.4966928898155634 -2.6559217968463615
-0.933193307643507 -3.035414266199737
1.4381755236705511 -4.428480668893803
-1.6425566086812755 -3.2393469084214526
-3.948481704366444 -5.7906911005155735
-3.2526076505057095 -4.91941657808013
3.613750761271475 -6.703615251247702
2.273440593807421 -4.701835211599459
-3.3568530329670527 -4.1747961572540815
-0.8376250265893367 -3.517245528064897
-2.637733348874946 -3.3708144452340068
-6.95019714682131 3.1493285771442685
-2.486395541612993 -0.7835478976149503
-1.2581451510182835 -1.645254146370479
-2.3175593303736837 -1.0725663601616313
2.5633429234268728 -5.638238559242606
2.4461966557254433 -3.720860834090367
1.1018859200611213 -2.1119605124403837
-1.2296155100841448 -3.599342147122726
-1.0210407696824437 1.4835278670330116
-0.028068016868929097 -1.9203888805639702
-2.611382810375304 -0.023204973782070187
-3.003158110702828 -4.434226438642999
-2.9769401110719547 -0.9923378164813015
2.5028363448864743 -1.3231608417299858
-0.6447778954168231 -1.8735295553476021
3.4685647641890105 -6.013676483900018
-4.139924963169491 0.4787366055757942
-0.5005148044805314 -2.8716586968662257
-6.301370631565092 -3.136257874492376
-0.9783788561712331 0.2191149536027601
-1.4135545645501542 -4.608458406074861
-3.223374190685732 -6.01568858476404
-1.9623174188438814 -4.742740026261015
-2.7597245625994167 -7.2522306476946925
-3.1012688407390105 -3.5543961273835905
-0.9714107802860502 -6.508544614459234
-1.7911254113584936 -3.467799035860002
0.6581159859315868 -3.172272645580671
-1.969950646857996 -2.2079541836403505
-2.8961834506873037 -4.604938172981436
-0.23250135528661553 -1.6323054498314367
0.3609432098041903 -2.468570940184982
-0.4213750668640023 -0.38568796055728793
-2.1848312152350364 -6.499327389066554
-0.058090565364196683 -5.8468018121351175
-0.31584428255192226 -6.476393116954756
1.572446945221642 -5.826223740721458
1.151099485808174 -1.0507032956842957
-2.5936643153148116 -1.8854447178979006
0.8812646855940326 -3.387131954732131
-0.1846961231066618 -2.882923795761072
-4.094607489037102 -8.578709050611495
-2.062817780585022 -4.650733315253263
2.190919263254556 -6.689391557965287
1.9074589646077693 -1.5029506888622297
-8.866608724852995 -0.24281399156202602
-1.6796392506659292 -0.9185166755947293
-1.5748159906028154 -5.25276210388817
1.2797248067073634 -5.363124435346625
-4.117923795803321 -5.96835640513014
-3.0778631684355986 -4.810609181197925
-0.45030768237629126 -4.232265837325927
-2.2026259759559825 -6.076029369981666
-7.78847705142914 0.5010767596485107
1.0020391009995104 -4.691127019792886
-0.8117287781725798 -1.6180646535389143
-2.349986329926765 -3.0350845273369322
-2.0390923568083115 -5.406728235172643
0.8711008148196834 -1.734315040884851
-3.9569112222110765 -6.522742212951959
0.8292770560594104 -2.4030898843442325
4.035809031776708 -9.082016755917346
-7.243066384381422 -8.942037469769673
-1.034221388472631 -3.9941406530509878
2.393954709255311 -8.872561345375654
-0.5319668797500869 -2.926917216583103
2.7363663628321566 -1.6525692390669375
-2.0623595216289066 -0.8448298316738314
2.0255010594905225 -6.894836218429569
2.047900872501187 0.2989726107234947
0.6363085468361753 -9.260225211881282
1.1884163851139244 -6.079300281848276
0.029027930878569422 -6.827255916631611
-0.0742610564756634 -6.229343488851548
-3.026668596314494 -7.269528604070304
0.8743030529547863 -2.528976866788543
-3.9972445355136306 -4.051494731496985
-2.543986872490564 -5.272518261476265
-1.0767201299674984 -4.045865723142304
-3.589806953451444 -5.571139536556176
-4.373145529918062 1.1997016406156145
-1.2670045753662014 -6.38508412066206
0.5288797871685483 -6.506394900952778
-5.33239093652503 -4.049692323133896
-0.46335889135561176 -7.154241618202512
-2.1230388282056234 -3.927133506275978
-3.0335323645154095 -2.5230673579150302
-2.7568771728567616 -6.603879887427527
0.6496028434703898 -11.948164755432172
0.16547072007357116 -1.8189171709713474
-6.7600150423263585 -0.0009250081830371019
-1.1521680071773095 -6.693125168785711
1.2248242707784267 -1.4062349256504134
-1.0685610864253765 -4.684503651032433
-4.983861943022902 -4.861585392562233
1.5663888856902868 -2.695079264367785
0.20918288817207956 -4.928888183851396
0.4804459049499027 -5.627757580068312
-1.8458358821202698 -4.907769413941051
-3.955839062617969 -2.2357336230900184
-1.649720777578509 -2.8374031952807814
-0.48974794539978517 -0.2179695014720155
0.4685708909502177 -4.783099885902791
-0.864847926889553 -4.261679499966694
2.9255310598372968 -5.4473381974971185
1.8817189463114086 -3.977253657985426
-1.879391375840797 -1.8279143788508334
-2.3450478319979458 1.7220255489574472
-0.4389360101732936 -4.937100539970444
1.1627988579761133 -2.7580654667799114
-3.233101517437817 -2.9228062966628983
1.4716449709819694 -5.9431435155424275
1.737735628907458 -4.590108605006009
-2.961928467446015 -1.101890214064847
-2.6198266728023474 -1.7251049735901336
-2.09727019218596 -5.28674280021315
-2.460476702054834 -2.9233785286082945
-4.665645668604043 -4.326891131624344
-8.036173456957826 -2.323660943391864
0.9207042162309304 -3.9130480647386143
-1.3427106686041275 -3.386475621146396
-1.5608421748378591 -1.909800345231294
0.6473671737676907 -3.406178212684243
-0.8210748311831968 -7.361286241562565
-2.0658325277622542 -5.3060123779362245
-1.9074197441142222 -7.460764931594162
-0.9706414455727812 -0.6685941728546415
-2.0290588040143698 -6.977279255930499
-9.110166512410686 -1.4359521292394928
2.7939492628963474 -5.4637842965156755
-8.340163842557743 1.2075240723296716
-0.8845794495630915 -2.281247500888702
-6.631282742571173 -4.563100519846001
0.7110827977889893 -2.2882150419314726
2.8192430399123363 -6.347874495015165
1.1881377766336378 -3.5120779160872857
-1.3095639760685036 -9.314756284650212
-0.31428218690264537 -4.6514151804025685
-0.11369990459185474 -4.894291783902033
-3.2889501322017485 -2.3577701411147474
-1.756881146604869 -4.8590341668375
-7.72549958129963 -4.42503044644492
1.0937459704436627 -5.481075291181144
0.7183433600630589 -2.3043033390226886
0.5951310654808276 -2.5925442992933614
1.0474027227829332 -7.502736632224603
-3.3681689298603463 -8.318888063069576
-0.692492929671204 -5.249690342216915
-1.7185555370318046 -5.2295944231064455
0.38481726452667386 -5.25161739226446
2.6717441880741566 -1.7982861346775212
1.3274235064369004 -5.553149285828478
-2.0038685208056823 -4.579400373640927
0.19681899135194625 -9.40991463071289
-1.1979822232639354 0.4720117037091266
1.610939875950748 -7.616155843643353
1.1813344682743 -7.4038177977597694
0.7159710053113024 -3.674314937206534
-3.2200677717088984 -0.9532340352521209
-3.664603263937124 -2.751248977417413
0.3316500800085858 -6.830000875674305
1.0494895582766754 -4.162825450264284
-0.7146050001533983 -5.947583907461152
-0.5576347077873438 -4.821575969145751
3.76805073492116 -6.660486109698437
0.9679671269005179 -2.415760861252413
-1.44552887160819 -3.6565304245044783
-7.299727786667972 -3.8535370164330627
3.224491806006937 -6.956992637784212
-3.441867366785076 -1.025653764987336
-0.3799559311889883 -4.499264670566637
0.9195504341619336 -4.832736535754221
0.9548519139386393 -4.254097769163279
-0.7834122069176747 -1.1676459153549483
-3.042365855057114 -5.998706371364684
1.0349700006209297 -3.5209738136047277
0.3432215826944113 -0.5550304886276035
-1.4930511647701512 -6.940814728744792
0.12840901454148912 -4.655092145270841
2.31936055826766 -0.02900122049519715
-4.593844579078507 -1.4380720308925896
-2.6963183518482343 -9.444833031653912
-2.1624390951959644 -0.49935678724226634
-4.789742406593675 -0.5642098324084791
-6.484321404592194 -2.331691603268364
0.2148745604078209 -5.931019267109743
-2.511014056699054 -5.278256171718181
-1.489960414343003 -3.805937844664014
0.7717176477957246 -3.5005526214550917
-0.47671972629713405 -1.8325514647941927
-4.204898274039678 -6.818256757166699
0.9968620738476514 -1.7092179850667224
0.02278874410067973 -5.005521488645261
1.6131138421862228 -3.5603511881019854
-1.0457822739446816 -3.307532187944919
0.9975800759019077 -4.010073672514326
-5.949097147006185 -8.690155020368097
0.9473197043377152 -2.803099853902658
-0.7552916951549667 -4.4139391679698825
-1.8027121928678587 -0.6225145724184784
2.820050126986842 -5.707079550621226
-2.237994522648265 -3.505282009365061
0.97668618134962 -5.545111926252805
-9.247596608300753 0.4610237697673037
-3.377114115611577 -5.5253070375249935
0.7508846768438241 -0.5681133468437415
-2.1374520027421657 -3.085172133111022
0.013879277464226542 -5.302444983868666
-3.56927812839912 -3.3932264220610686
0.8234008470715672 -4.2121247144937914
-0.001730162672672665 -2.714696250171962
0.7352803905131957 -4.549694773480015
-2.657154087891897 -2.053872127143813
-1.3524562745299424 -0.9243305675314493
2.178104238913306 -2.4735567995192587
2.3044075435621063 -2.087596286479042
-3.7079333080907024 -1.6666541636467216
-0.7341563090772357 -4.003908482230209
-2.1884488651888607 -3.7442048929930727
-1.8321308478998906 -4.720674686289462
-5.689745227680717 -1.5196423251461533
0.8979795498476189 -5.025159327136149
-3.5903205032940946 -1.6141686808093283
-1.5893867020846248 -0.9184253215047438
-2.206866652727499 -2.329678385853629
-4.22388654685156 0.06859906062504773
-8.334226572895162 -3.771872079854625
-1.2084909547933482 -2.0284573457641297
1.504101363611468 -6.630102009233866
-0.9103212228200739 -6.515098216844483
-2.390910354570494 -6.286511921836724
-6.618608841138837 -2.979277953092438
1.4368914777005553 -2.378674079592848
-4.046238022578294 -1.9636944899000117
0.48207822565517183 -2.060132150627882
-1.848021117810447 -5.619312908602415
-0.4861417700840891 -2.5583643225217205
-2.0015193371722835 -8.039684369934674
-3.3350202035453553 -0.03714888218259583
-0.24264975566799793 -1.6604985566293862
-2.3600187192336226 -4.033398514975502
-1.6848512606806172 -3.7354180084070525
-3.413650101611751 -3.0883046546884287
-1.0465528827374588 -0.4082669321544745
-1.3564815021247374 -2.5039092034165895
-0.5545490799398893 -4.577136744643124
-9.33366491866748 -0.13376087118545482
-1.4751535911372433 -0.8736139330717201
-3.332319312805851 -4.060509633757478
1.8751187398642482 -4.835684932673281
1.1393174101979178 -10.106493293399472
1.0198999128405855 -4.130236140252465
1.4900560569284376 -1.125645725646207
-4.727700404091081 -5.965657718223952
1.3538674626581009 -2.387156713332417
-1.2710006582601212 -2.1628846621017184
3.637026813571267 -9.539469211040613
-1.850611517319564 -5.131104769741638
0.2040136753311964 -0.5075661546400094
-1.0719594920267501 -2.359631375667844
-2.0763983255349534 -4.488141582815616
1.6881995237767593 -3.4833918508096713
0.4835837081316325 -1.765502029362887
-3.0569349868372204 -8.272933945628127
-0.49318971168864356 -4.140635490334446
-2.895412600103939 2.049281558861793
0.18130912941317917 -2.3539660816218237
-4.422120276720051 -3.1064712835164876
3.2435286189436274 -5.66460472184378
-1.804748923651886 -5.224309218488616
-2.72314156084795 -1.469989391402298
4.309659709754513 -8.898595872261666
-2.6172197007436755 -1.8911000705543177
0.16591430204472563 -4.016171191745969
-2.5396681914440085 -1.9320799466875145
-3.2399868652586012 -2.6253119093289947
-6.701323073748696 -6.625386714265441
-0.21907803597719103 -6.850900981139674
-8.259369713242023 -4.421226543859661
-0.6110864316486304 -5.148519299759236
0.7944467771601318 0.2576807891496838
-10.432068566228011 -1.9981336496720223
-7.2174253004994995 -0.3983151241247104
-1.9278016065111674 -3.1159600657806155
0.17698995962690808 -3.45848665588739
-1.0209073422284693 -6.71824793231391
-0.02333545201337047 -1.9537488267235468
0.43154402573010436 -6.208836743265643
-0.7240467992417481 -2.22418242568623
-2.675316794871194 -1.9111462297241733
0.6919791082413834 -1.5533311115163144
0.7531294924891931 0.10245816143191055
1.0768453122391857 -5.055864625762259
-0.5595734302516892 -4.473427796272829
-2.0810368259382845 -6.8202199951681015
1.9590197402124114 -2.8387719947145857
-2.910742814892217 -2.765130382870525
-4.360492947487401 -4.157512001336438
0.940292403837986 -8.377481021668855
0.48826713376116937 -4.5060593858988724
0.5045285901896926 -1.8252095993889443
0.6579009757956694 -4.19330315864794
-2.9112523087562043 -4.962774033796354
-3.999381468124938 -5.891048192612138
1.3122661720181976 -6.499915341004477
-1.9304329020037732 -4.508807671964353
-6.01092152434822 -1.6904646558233907
0.14908072221687926 -9.563115236364727
-1.3679603346403586 0.05246872608050488
-3.997889406022623 -6.380516666387647
-0.14702202286186183 -1.1090322716606067
-1.9355015578952224 -3.759729922836587
-3.197553491093061 -4.492173122484981
-4.071925391267314 -2.572245316617626
-2.6934960671862602 -0.2676035099499106
-0.8216856527702848 -1.2571769072786514
-4.352260023100726 -5.994064470739798
-6.449988178379925 -7.63935723586468
-9.662157653053768 0.8107229684959133
0.9253398668409712 -4.445807494422419
-5.148205874705866 0.39999206879905613
1.7633797499474606 -5.573136421944541
-3.091675237856237 -2.140451449103178
0.7438752675135301 -11.709198485966557
1.961620853279569 -8.306813640631763
0.27965839438338885 -6.329184648907314
-2.5573197157306855 -0.27535728785855007
2.603287715690086 -0.7078577985154205
-2.7518427391779317 -3.0029071112376906
-1.1361509325826664 -0.6733886969693075
-0.31331040346314926 -5.1286341529572095
0.20867658044389226 -0.8551758542525918
0.5500126084019425 -2.2550723518563003
2.9728124120787096 -4.094977363364835
1.3247781898826498 -1.1968070545563043
-0.5686372460011885 -6.124405828609902
1.8556889095649036 -0.9082290593395865
-0.9223755639009429 -7.087116159793954
0.8650550411548745 -7.258419619943529
-3.8803443038233216 -1.9835665204466792
-1.3069103620253346 -5.510428334196597
-0.6964541986835691 -6.065320462863057
-2.2136908609624446 -3.9194828491371227
-1.7491762942292017 -1.2558372741030888
-0.26409705993300775 -2.6499217978079046
-1.315443403280256 -1.52810937212867
-3.8480893122194577 -2.045446707198164
0.2952143049217563 -7.466807752010323
-4.146036390601168 -6.611664609608929
0.28340318054277674 -4.7362675660748375
-7.538550998809498 -4.081169575345886
-3.9271749035396515 -2.5741735240997965
0.30130341772506525 -4.607013231693302
-8.168698189219711 1.837056856361775
-2.5366659203154147 -6.596329261926071
-5.861525569175171 0.9033709702873695
1.499258724175348 -1.3296488458219053
-4.883015841505397 -2.8611107142625634
-2.1763134058829654 -3.5293619497654913
-6.2135469278317 -1.7555856196398785
-8.365704513280988 -5.224825912934805
-2.8194325557766438 -4.828004763494129
-3.819712134202277 -4.923026262495542
-5.272477114946369 -6.971419298710222
0.8045606586577629 -2.989456878796954
-1.8099347754851753 -6.1030734837694505
-1.7088659736241714 -4.728570777268456
-3.1926175266612096 -3.6773026735832013
-0.5229260677985653 -1.7434385587023318
-0.09477597991745804 -5.407426665587125
-2.1061230355918643 -6.6904773178339285
2.59265287488121 0.02712984606570423
-3.816997608502945 -5.272188087391485
1.0344881782895636 -2.815581413143076
2.68380867086472 -6.854495171694992
-11.551373928396544 -5.96275709968717
-0.5167736636124548 -3.4659996412562215
-11.982057962265799 1.332252121552164
4.589552540265287 -7.2511977428911205
3.1618435374270026 -0.4593888367491385
-4.385985846733206 -4.2459599865582085
-6.5429056279828615 -2.6049358519333285
-10.102314493652273 1.27729317252635
-1.2201980723460655 -5.447240288725334
-0.03545506628020724 -5.739098960538636
0.22470966292510727 -4.46970287743835
1.4011381208920564 -3.4325827779496207
-0.92219188099206 -10.095304443576872
-0.014009787879118354 -1.3194766717047364
-2.2246995381838137 -3.368186703993491
-3.282315304618408 -1.9453546026037232
1.5634654059031443 -0.4600242637989187
-2.716877995737818 -4.722857737939708
2.8376773088219087 -6.260186481136565
-3.431427847289101 -2.7689608133360757
-2.6988516162162886 -4.351898416918208
2.3134871184265076 -4.486265895297972
4.491896921425833 -9.130966340389788
-2.2211967778975468 -6.787496015486089
-3.7927108038520037 -5.45973416686921
-5.93188904329088 -2.606887821863187
-2.305005934582369 -1.0014668572926726
2.756860666954366 -1.7004867199002556
1.8212260753802805 -6.918493651239876
-0.03040758515736334 -4.151670538007873
-2.200690080284659 -6.667473288470855
-3.123182503774288 -3.2203394865392174
-2.242800835350764 -3.784781611861363
-2.535101839217888 -4.768355585770444
-0.9860811905575279 -6.4083879876541925
1.951108585432251 -7.91830638612916
0.2001673711529286 -0.33922176398654513
-6.55124997489763 -1.622984177112535
-0.9849448739043115 -6.451233279406194
-4.143650711593935 -4.200676979634802
-0.9166913608478071 -3.9584390219970302
-2.337805659085021 -5.027710902524011
-0.6699146606319177 -4.940398473861973
-5.168354538815464 -1.3406389358015056
-1.4391110427940252 -1.0114273408722982
2.8173089745706785 0.5126463825430929
-6.726872703938 -2.2759554216749094
-2.0378792337751723 -2.6652134907465825
-1.2430969583050318 -6.410251694025302
-0.2344751277440912 -2.854849585072569
0.8465835480926521 -4.25129594792462
0.2546893239170484 -3.195876008772658
-0.14482356828791892 -0.8011363226067162
-9.112866563848229 -2.1726743948166836
-1.6050718037732143 -6.897455398632989
-0.7186280188005018 -6.829309948786216
0.04701087127935425 -3.2907444072472374
-3.445629976017259 -1.760755410738802
4.583217078717908 -7.35593331064951
-2.0289323923385756 -2.7511317696877646
-0.5727906297447876 -4.191046982996282
-3.7264657155340193 -6.047194503104601
-2.575000076296505 -5.341930323385979
2.1822611076789538 -0.3733215223399897
-0.7007605074971085 0.6636124836036222
-3.544581680195322 -3.7381090830966506
-3.2144762191759075 -1.0001899767280673
1.1100611035228662 -1.2887061527709576
-0.33502807892203695 -3.8942895119605816
-0.8386430423587969 -5.725281450181603
0.7306526782713402 -2.4478397430285583
-2.397341462964761 -5.665652524357106
-3.070978703160407 -5.897525682635485
0.9979369995960633 -1.479966341837581
-2.225096267448365 -3.8344058092165954
2.311525657374261 -0.3464991817249898
-0.08676871692257787 -5.9014246815714815
-2.931048458741245 -0.6974706686705576
2.205779235914931 -2.2689214323192246
0.016374292814105927 -4.643075970937258
2.0252082913927576 -3.5316165575120917
-4.126047660788487 -0.48555175776434106
-8.693363979050503 -2.389072288455151
-2.870400219352462 -1.176132950102007
-0.44079841735820957 -2.0897332652799165
1.5385705727872927 -3.702194701618509
-5.192402171358509 1.049329428112327
2.0915856531687065 -3.156940206695565
1.6790312124346367 -2.1600209185341193
3.781505866564685 -4.4028868193402735
0.7072261531817642 -6.180076829670868
-3.361076765209234 -1.408754936063084
-0.8602469695073582 -0.39497888698029676
-4.858058440262866 2.2184358437546075
2.5423122844632355 -4.534707859570695
-0.42358274851216077 -4.572269751032466
-0.9776390997018186 -5.337259036369532
0.872729320343893 -3.5253983420756922
-2.318074394040068 -2.670448074419365
-0.4500456010276682 -4.665558492588922
1.5579034048727318 -5.507626387389425
-1.8388834277995731 -6.07264421757734
0.3129347399681986 -3.123780876211652
-3.396672106941154 -1.8901334492882045
-1.0102953641339814 -7.484498618974809
4.570357525109273 -7.6447646544637635
-12.3753804022204 0.912467686123244
-0.3104552212391673 -3.4043667433687466
-0.13874815527790973 -4.513713697232671
-2.742706235423484 -1.464821132805629
-1.7865617483909664 -4.465518812679796
-0.8518929771294952 -0.3059444016674292
-5.551981766036093 -1.3509776095410078
1.7620430028646576 -2.1243258956801747
0.8170000353207169 -6.288179826102645
-0.7718476235645115 -3.125941073108132
-7.877600604508913 0.30476295159856337
-0.7044460029721338 -3.6743928950020313
-0.7026400946816697 -0.2467294840892452
-1.0383207344979302 -6.453641797930448
0.2463711681368746 -4.680047869489576
3.079203751612538 -6.148985009970965
-1.0648622205699927 -4.582092529980204
-1.1030645678786617 -2.175271752373623
0.7731316593791032 -4.873208942994672
0.35577312263514166 -3.4260693337236954
-2.3596315937073205 -2.530978657084469
1.3025331102927278 -4.840039349625435
-0.3103677120570443 -5.028940234309271
1.0771328971124343 -5.438859401847139
1.2224690703224321 -1.5627724733396724
-1.8604057473616682 -0.35296388428586684
-2.361273639133174 1.3881487009050062
-1.7321626734947275 -2.7604255437413956
0.05594412523103612 -3.9700847726020427
-4.107946103680135 -6.736496109214734
-4.530883822145157 -3.7024743595169065
1.1213039864550602 -0.09059801958596826
0.33697315432591735 -1.4976516361817882
-1.857680891934152 -2.9875666909861764
-0.5816243084399846 -5.317498363684526
-2.8926988073134514 -2.251713376771687
-3.2876804025807473 -4.464409831914354
-2.7086624095406937 -2.4031693754362995
-0.9623328069618824 -2.7267540998550808
2.6121072837082115 -3.7487409034748125
-1.7437324005502435 -3.7298195138870924
-3.5045550226495554 -3.768419394092612
-2.0542152878206683 -5.549509782081017
-0.42544014696409316 -1.4296014706205005
-1.7556616245020111 -8.245055818727076
