-1.4851345835005112 -4.066950249262563
1.5551494334378329 1.0896348415687027
-1.5237769965334853 -9.786449308678506
-6.581327909389131 -7.658825161873181
-4.043865304867097 -0.6710617259190835
-3.173698323145388 -7.019335712503578
-4.212745544299054 -1.1828901333000599
1.3394479446553613 -5.076594540930444
3.846063477151787 -7.654701657556055
-5.622764739493732 -5.337532055407277
-8.16062299230856 -4.514365713197458
-4.120650182011673 -1.2994606020408137
-0.5240197195685997 -2.7100119252949946
-12.387129543823136 -6.291487338430082
-3.4686285496832037 -7.605486155623182
1.6655467548396665 -5.374726403859283
